[-38980. -25050. -19444. -27489. -30183. -20557. -24111. -19934. -30306.
 -23035. -27208. -22049. -20716. -19519. -23260. -24933. -30322. -18589.
 -15396. -19863. -20808. -16633. -18455. -23263. -25922. -23236. -15718.
 -17841. -22041. -14182. -15801. -18738. -14288. -16145. -22765. -23265.
 -14900. -18446. -15382. -15568. -15524. -12751. -19142. -16228. -16005.
 -11952. -20921. -16974. -20949. -15737. -15239. -16063. -13017. -16793.
 -12650. -13883. -18586. -11538. -11637. -11791. -11001. -14048. -11409.
 -14117. -16041. -13086. -11357. -11545. -16571. -16035. -12012. -13669.
 -13289. -11742.  -9829.  -8708. -12317. -10428.  -9466. -11666. -12290.
  -9659. -12287. -11712. -12060. -10013. -10840. -11587. -12921.  -9308.
 -11125. -12794.  -9678.  -8952.  -9770.  -9228.  -9589. -10883.  -8967.
  -8720.  -8186.  -9863.  -7997.  -9572.  -9630.  -7809.  -8867. -13420.
  -9867. -10108.  -8405.  -8895.  -8297.  -9258.  -9103. -10323.  -7638.
  -7928.  -8795.  -8428.  -8002.  -8805.  -7771.  -8031.  -7324.  -9336.
  -7740.  -7534.  -7157.  -6851.  -8735. -10471.  -7244.  -7025.  -8015.
  -7103.  -8094.  -6919.  -8005.  -6843.  -7171.  -8078.  -6572.  -6954.
  -6220.  -6734.  -7502.  -7303.  -7583.  -6313.  -7366.  -6733.  -6390.
  -6554.  -6124.  -6492.  -7096.  -6650.  -7064.  -6685.  -6296.  -5514.
  -5812.  -5666.  -5754.  -5871.  -5500.  -5866.  -6459.  -6316.  -6051.
  -6837.  -6071.  -4739.  -5477.  -5697.  -5301.  -5568.  -4703.  -5852.
  -4952.  -5034.  -5264.  -4868.  -4840.  -5234.  -4918.  -4992.  -4460.
  -5306.  -5064.  -5350.  -4914.  -4803.  -4704.  -5225.  -5699.  -4924.
  -4940.  -4727.]
[-23022. -44653. -22567. -18875. -20360. -33324. -29123. -23179. -24642.
 -20853. -21002. -24867. -19420. -21048. -15601. -20811. -38809. -26953.
 -26274. -21564. -20312. -20537. -22805. -20709. -22936. -20022. -22376.
 -19306. -21426. -24066. -15810. -22460. -23003. -17929. -15782. -22963.
 -15909. -18042. -27120. -21470. -16858. -16835. -19989. -14706. -17968.
 -22524. -15354. -14402. -15282. -15661. -15735. -15354. -13942. -13044.
 -18134. -13432. -15760. -13882. -13822. -14444. -14389. -14984. -12665.
 -12844. -12307. -11692. -15232. -14209. -14179. -13985. -14779. -12058.
 -11960. -13060. -11929. -11543. -11858. -12982. -13386. -11021. -16223.
 -14164. -14774. -12625. -10905. -12804. -13790. -13372. -10724. -13713.
  -9741. -12761.  -9558. -10813. -10567. -10921. -10367. -10554.  -9462.
  -9898.  -8938.  -8260. -10525.  -9516.  -9690.  -8776.  -9105.  -8194.
  -9852.  -7060. -10596. -10416. -10489.  -8089.  -7741.  -9693.  -9363.
  -8136.  -9796.  -9065.  -8504.  -8264.  -8014.  -8180.  -8134.  -9411.
  -7954.  -8365.  -8415.  -6549.  -8763.  -9601.  -8279.  -8790.  -7344.
  -6890.  -8547.  -6818.  -7246.  -9185.  -6108.  -7656.  -6703.  -7859.
  -7526.  -6647.  -9174.  -6948.  -6373.  -7552.  -6637.  -6311.  -6557.
  -6375.  -6773.  -6472.  -6913.  -5918.  -6665.  -6506.  -7206.  -5590.
  -6789.  -6768.  -7294.  -5415.  -6829.  -5755.  -6280.  -6649.  -6059.
  -6524.  -6313.  -5116.  -6072.  -6259.  -6624.  -5746.  -6023.  -5570.
  -4977.  -6419.  -6671.  -4655.  -5438.  -5236.  -6097.  -5014.  -5036.
  -5652.  -5026.  -5494.  -5007.  -5427.  -5311.  -5308.  -5384.  -4598.
  -4924.  -4885.]
[-24189. -28470. -25905. -27246. -23754. -22282. -29119. -30171. -24581.
 -19878. -19415. -26536. -18958. -23659. -25638. -20633. -31869. -26768.
 -21688. -25161. -25145. -24694. -18251. -19273. -19438. -17264. -17421.
 -23287. -20991. -22137. -23150. -17687. -18556. -22823. -22711. -21175.
 -15202. -17754. -15335. -15652. -16725. -15704. -16900. -16038. -19808.
 -15645. -23325. -14882. -15333. -12771. -16109. -15601. -16954. -13575.
 -12867. -14662. -15621. -14865. -16213. -14189. -14167. -12196. -12459.
 -12175. -14878. -14545. -12764. -12265. -11952. -12022. -13707. -14352.
 -12798. -11444. -13137. -13173. -12324. -11136. -13490. -11411. -13207.
 -10748. -11084. -13104. -12054. -13719. -13235. -14570. -10672. -10657.
 -11232. -10463. -10833.  -9412. -10721. -12309. -10431. -10053. -11719.
  -9965. -12836. -11796. -10647. -10607.  -8258.  -7940. -10113. -10866.
 -10758.  -8092. -10227.  -9519.  -9618.  -8486.  -8535.  -8764.  -9620.
  -9181.  -9391.  -8451.  -8901.  -9497. -10563.  -9200.  -7936.  -8084.
  -6821.  -8092.  -7579.  -7647.  -8971.  -7347.  -8843.  -8384.  -7854.
  -6840.  -8281.  -7906.  -7827.  -8532.  -7511.  -8053.  -9586.  -6770.
  -6991.  -6854.  -6707.  -7438.  -8226.  -6819.  -7269.  -7189.  -6946.
  -7020.  -7449.  -6442.  -6878.  -6756.  -7141.  -6021.  -5951.  -6417.
  -6145.  -6685.  -5958.  -5359.  -7043.  -6372.  -6564.  -6050.  -6338.
  -6748.  -6366.  -5502.  -6659.  -7729.  -5484.  -6576.  -5565.  -5298.
  -5723.  -5732.  -5325.  -5358.  -5770.  -5674.  -5436.  -5130.  -5091.
  -4748.  -6778.  -6043.  -5319.  -4851.  -5269.  -5315.  -5424.  -5155.
  -5025.  -5189.]
[-24683. -30937. -39640. -27104. -27449. -24286. -26388. -18148. -25068.
 -27363. -26262. -24606. -20213. -23895. -20531. -18780. -27059. -16575.
 -25435. -16322. -21193. -24857. -23260. -21365. -19099. -16613. -25059.
 -18589. -22560. -17417. -18885. -18630. -20695. -17124. -18064. -22589.
 -21566. -19609. -14877. -16640. -20747. -14638. -20790. -19313. -17181.
 -19622. -16425. -12679. -18876. -16015. -17744. -21340. -19491. -14407.
 -16274. -13761. -13925. -15753. -15453. -17995. -14930. -18595. -15792.
 -18544. -12435. -15736. -14276. -13192. -11977. -12087. -14373. -12701.
 -11400. -13409. -10916. -12084. -12102. -11365. -10667. -16090. -12301.
 -15208. -11488. -10097. -12356. -11343. -11830. -10229. -10338. -12078.
 -10152. -12151. -14110. -10478. -13991. -10575. -10456. -11470. -10152.
  -9679. -12402.  -9159. -10501.  -9906. -13013.  -9436.  -9342.  -9850.
 -10393.  -9439.  -7611.  -8917.  -8998.  -9899.  -9193.  -9445. -10223.
  -9106.  -8059.  -9193.  -8344.  -8141.  -9299.  -7948.  -7412.  -7777.
  -9000.  -9345.  -8763.  -7972.  -7931.  -8423.  -9192.  -8642.  -7140.
  -9213.  -9895.  -7031.  -8720.  -6620.  -8073.  -8810.  -8457.  -8535.
  -7432.  -6702.  -7529.  -7805.  -8186.  -6085.  -6838.  -6494.  -7164.
  -6785.  -6599.  -6512.  -6766.  -6702.  -7454.  -6932.  -6870.  -5776.
  -6349.  -7168.  -6100.  -6578.  -6759.  -5862.  -5729.  -6124.  -5726.
  -5951.  -5272.  -6209.  -5315.  -6699.  -7442.  -6425.  -6478.  -6409.
  -6375.  -5256.  -6250.  -5070.  -6132.  -4887.  -5718.  -5909.  -5365.
  -5658.  -5432.  -5639.  -6720.  -5060.  -6353.  -5204.  -5099.  -5016.
  -5466.  -4940.]
[-21838. -29905. -24296. -38407. -25190. -23521. -22923. -22256. -25070.
 -36554. -23240. -25539. -18362. -27073. -21141. -18972. -19697. -25730.
 -25484. -16986. -19948. -23716. -32678. -19696. -20085. -15785. -20234.
 -16749. -15332. -17151. -17814. -13672. -16638. -15222. -20684. -16126.
 -22914. -19216. -22174. -23174. -18045. -17838. -12867. -16721. -13912.
 -16946. -14461. -17082. -14665. -15762. -17472. -13967. -15997. -12650.
 -15168. -14794. -10548. -15239. -14756. -13129. -15532. -14249. -15526.
 -13419. -11076. -16158. -13604. -15315. -14977. -16386. -15673. -13553.
 -10794. -13024. -14972. -12312. -11485. -13908. -12385. -10222. -14957.
 -12199. -10983. -12480. -10953.  -9233. -10346. -10841.  -9915. -13783.
 -11386.  -9869. -12270.  -9683.  -9810. -11413. -10568. -12142. -11200.
 -10919.  -9691.  -9659.  -9133.  -9834. -11161. -10198.  -8140.  -9309.
 -10027. -10311.  -7834.  -9301.  -9495.  -9774.  -8858.  -8188.  -9285.
 -10298.  -7784.  -8619.  -8961.  -8850.  -8234.  -8990.  -9137.  -9754.
  -9384.  -8471.  -7502.  -8952.  -7719.  -8237.  -8390.  -7110.  -7020.
  -8911.  -9053.  -7365.  -8240.  -8202.  -8326.  -8690.  -7200.  -6641.
  -7318.  -7085.  -7152.  -7668.  -6999.  -6346.  -6668.  -6870.  -7433.
  -8195.  -6429.  -7169.  -7246.  -6525.  -6930.  -7140.  -5589.  -6359.
  -6734.  -6491.  -6790.  -5831.  -5798.  -5951.  -6267.  -6433.  -6856.
  -6069.  -4854.  -6382.  -5488.  -6155.  -6355.  -6163.  -5934.  -6079.
  -6302.  -6012.  -5797.  -5386.  -5233.  -5270.  -5429.  -5751.  -5435.
  -6494.  -5829.  -5417.  -5045.  -5303.  -5405.  -4871.  -5524.  -5049.
  -5202.  -5097.]
[-26484. -25626. -36885. -31480. -25016. -25719. -32644. -17114. -37067.
 -20353. -26797. -22863. -21103. -26901. -20942. -31417. -21779. -21609.
 -18466. -23860. -20342. -18230. -26163. -31642. -23871. -18657. -16495.
 -19976. -22334. -16376. -20664. -18105. -19915. -22459. -21876. -22353.
 -15043. -27171. -21972. -19081. -15723. -16953. -21778. -14741. -16976.
 -17233. -18928. -15541. -13125. -18549. -13624. -14762. -15196. -13726.
 -26706. -19807. -15489. -15037. -13864. -12103. -22784. -14295. -13867.
 -13241. -11403. -15088. -15568. -13479. -18541. -12203. -17916. -10613.
 -15639. -14024. -14558. -10797. -11201. -12028. -10869. -11808. -12794.
 -10986. -14483. -10696. -13681. -12740. -12647. -11153. -12708.  -9222.
 -11699.  -9448. -10622. -13495. -11529. -10532.  -8893.  -9453. -13459.
 -10143. -12196. -11387.  -9269. -10877. -10257.  -9775. -11635.  -9821.
  -7918. -10087.  -9535.  -8343.  -9267.  -9146.  -8363.  -8511.  -9338.
  -8017.  -7266.  -9003.  -9747.  -7722.  -8349.  -7419.  -9557.  -7337.
  -7553.  -7120.  -7980.  -8264.  -7691.  -8329.  -8526.  -9998.  -8350.
  -6991.  -7618.  -8486.  -6443.  -9274.  -8185.  -8125.  -7754.  -7094.
  -8254.  -7376.  -7733.  -6462.  -7527.  -7569.  -7518.  -7537.  -8249.
  -6865.  -7780.  -7134.  -7658.  -7232.  -7238.  -7646.  -6639.  -7083.
  -6407.  -6307.  -6401.  -6833.  -7834.  -6485.  -7033.  -6814.  -6441.
  -7437.  -6230.  -6925.  -7361.  -6947.  -5632.  -6521.  -6467.  -6339.
  -5988.  -5114.  -5915.  -5450.  -5878.  -5783.  -6344.  -6311.  -6568.
  -5875.  -6113.  -6941.  -6677.  -5367.  -5536.  -6580.  -5747.  -5668.
  -5763.  -5402.]
[-46439. -22732. -29500. -38916. -25209. -29151. -35213. -19922. -25368.
 -26865. -18320. -27683. -23462. -23440. -22199. -32772. -34033. -21712.
 -17554. -16097. -26548. -19809. -23721. -25222. -21981. -18387. -26291.
 -22709. -16334. -18491. -14361. -17828. -16405. -19175. -15052. -15863.
 -25611. -17807. -17362. -20528. -16530. -14977. -13978. -17679. -16366.
 -15647. -15121. -16208. -21384. -15272. -14051. -15268. -20507. -17155.
 -14422. -14580. -16641. -14320. -16471. -14258. -17055. -12321. -12920.
 -16921. -13720. -13587. -14762. -12875. -13627. -12870. -14283. -13848.
 -11538. -11242. -12105. -13485. -11456. -16046. -11873. -11301. -12482.
 -13379. -10173. -13367. -11368. -11328. -11352. -10410. -10336. -10307.
 -11025. -10786. -13911.  -9963.  -9680. -11766.  -9873. -10958. -11456.
 -12009. -10539.  -9558. -10032. -11234. -11789.  -9428. -11437.  -9827.
 -10367.  -9575.  -9521.  -8524. -10578.  -8907.  -9729. -10428.  -9281.
  -9395.  -9436. -11498.  -9611.  -9923. -10198.  -8261.  -9144.  -8301.
  -8358.  -9315.  -7660.  -8917.  -8641.  -7147.  -9166.  -8879.  -7738.
  -8471.  -8428.  -8410.  -7602.  -8231.  -7885.  -8023.  -8397.  -6945.
  -7662.  -6765.  -6695.  -7817.  -6410.  -7309.  -7692.  -9014.  -8357.
  -7420.  -7573.  -7912.  -7899.  -7309.  -7300.  -6792.  -7721.  -7493.
  -7556.  -6816.  -6337.  -7514.  -8480.  -8321.  -7157.  -7163.  -6860.
  -7013.  -5972.  -6534.  -6454.  -7359.  -6225.  -7008.  -5991.  -6934.
  -5580.  -6115.  -6904.  -5751.  -6255.  -5899.  -6502.  -5404.  -6511.
  -5363.  -5316.  -6388.  -5906.  -5229.  -5807.  -6201.  -6018.  -5606.
  -5715.  -6213.]
[-24232. -24606. -22327. -45312. -33879. -21508. -31197. -28076. -26863.
 -25936. -16387. -28130. -23820. -22511. -20634. -23577. -24474. -19291.
 -17481. -31145. -21891. -21592. -27181. -19321. -26674. -19471. -17952.
 -25354. -22600. -15921. -15312. -21612. -24388. -16863. -15571. -15692.
 -17866. -16933. -19488. -12902. -18846. -18499. -16937. -16370. -14698.
 -16330. -16868. -15402. -16719. -17263. -14673. -16531. -15401. -13844.
 -14799. -14819. -13202. -14389. -14514. -19192. -13088. -20395. -14192.
 -11425. -12655. -14383. -14881. -14278. -13167. -12607. -13496. -14825.
 -15018. -12754. -13262. -16028. -12308. -12807. -13939. -12033. -13774.
 -12347. -17556. -11708.  -8845. -14487. -11130. -11756. -10784. -10265.
 -12191. -11951. -10470. -12861. -11801. -11228. -10963. -10133. -11841.
 -10372.  -9201. -11782. -10033. -10809. -10637.  -8322. -11663. -11744.
 -10884. -11836. -12656. -10617.  -9493.  -9624. -10103.  -9644. -10313.
  -8035. -10005.  -9757. -10187.  -8705.  -9655.  -9064.  -8588.  -9784.
  -9992.  -9283.  -9568.  -9438.  -8848.  -9053.  -9850.  -8476. -10473.
  -8391.  -9008.  -8435.  -9075.  -8171.  -7146.  -8876.  -7969. -10115.
  -7734.  -7869.  -9712.  -7928.  -7994.  -7120.  -7250.  -7774.  -9131.
  -7828.  -7321.  -6119.  -7434.  -7585.  -7018.  -7830.  -7776.  -7770.
  -7783.  -6103.  -6585.  -6998.  -5906.  -6406.  -6224.  -6698.  -7391.
  -6797.  -7334.  -5953.  -7451.  -7184.  -7906.  -5651.  -5942.  -6615.
  -6870.  -6246.  -7490.  -6858.  -6703.  -6261.  -5678.  -5936.  -6320.
  -6466.  -7579.  -5240.  -6600.  -5443.  -5262.  -7057.  -6013.  -6629.
  -6403.  -5998.]
[-18719. -27148. -22029. -34636. -27543. -26988. -34473. -22939. -27549.
 -20959. -21663. -17277. -22787. -22215. -20755. -21936. -24105. -22109.
 -19897. -35821. -19949. -21733. -19129. -28035. -18080. -23700. -14087.
 -16802. -21574. -22200. -19939. -17274. -17920. -25059. -26337. -17973.
 -15887. -16837. -21502. -21203. -16386. -16322. -20347. -17968. -17550.
 -18239. -19435. -16632. -17874. -14958. -16939. -12797. -21952. -14168.
 -20199. -17514. -18780. -15592. -20210. -17471. -16629. -14166. -14298.
 -12498. -11160. -14115. -14162. -13650. -13057. -14956. -13350. -12130.
 -13593. -11393. -12509. -11506. -13312. -13879. -13130. -13975. -13959.
 -10908. -12287. -11173.  -9601. -11411. -10609. -12186. -11343. -11491.
 -13882. -13795. -11172. -12481. -11361. -12300. -10341. -13950. -14639.
 -10982. -10125. -13646. -11515. -10606. -10111. -10297.  -9821. -12226.
 -10056. -10416.  -8774. -10404. -11853. -10683. -11357. -10577.  -7812.
 -10587.  -9294. -10825.  -7946. -10048. -10874.  -8039.  -8434. -11282.
  -9756.  -7927.  -8217.  -8731.  -8837.  -8281.  -9036.  -8783.  -8440.
  -9151.  -8586.  -8678.  -8932.  -7149.  -9023.  -8931.  -8467.  -7445.
  -9712.  -8367.  -7621.  -7846.  -8881.  -6164.  -8317.  -7875.  -8495.
  -8403.  -6222.  -8266.  -7966.  -7678.  -8041.  -7396.  -7915.  -7569.
  -8037.  -6861.  -7316.  -7573.  -7076.  -8238.  -6422.  -8215.  -6978.
  -6874.  -5906.  -6334.  -6664.  -6809.  -6679.  -5621.  -7220.  -8125.
  -7348.  -6446.  -6888.  -6100.  -6866.  -6049.  -6517.  -6833.  -6793.
  -6481.  -6091.  -6148.  -6103.  -5234.  -6162.  -5642.  -5444.  -5345.
  -5691.  -6377.]
[-38721. -35278. -29730. -27487. -26332. -31591. -27816. -24191. -19632.
 -26325. -21725. -22965. -28029. -22266. -20509. -25423. -31848. -15147.
 -26886. -24562. -23018. -22711. -32261. -23216. -16202. -27188. -25713.
 -18495. -23809. -19501. -18768. -18484. -19541. -23308. -19759. -24955.
 -18614. -23951. -15690. -27037. -17223. -20836. -15390. -16385. -19390.
 -17304. -18036. -19294. -19497. -19218. -16512. -20989. -15323. -13550.
 -14221. -15755. -19332. -14905. -13503. -17272. -16569. -16965. -14668.
 -14142. -12600. -15950. -14764. -13257. -14508. -12988. -12790. -12751.
 -15586. -14829. -12068. -11596. -14132. -15410. -13243. -14323. -10167.
 -15245. -14333. -10237. -13424. -14635. -13023.  -9823. -12962. -11511.
 -13231. -11447. -10976. -11287. -11227. -13046. -12506. -13046. -14705.
 -13365.  -9443. -11823. -11609. -10995. -10438. -10745. -11174. -10303.
  -9921.  -9768. -10742. -12590.  -9068.  -9176. -10006. -10672.  -9133.
 -10673.  -8054.  -9219.  -9295. -11716. -10384.  -9052.  -9190.  -8594.
  -8393.  -7716.  -8295.  -7999.  -9445.  -8580.  -8522.  -9804.  -7703.
  -9872.  -9454.  -9519.  -9256.  -8231.  -7863.  -8907.  -9563.  -7546.
  -7997.  -8318.  -6576.  -8781.  -8634.  -7947.  -8661.  -8029.  -8179.
  -8392.  -7824.  -8667.  -6901.  -9055.  -6657.  -7350.  -7175.  -7502.
  -7899.  -6898.  -6763.  -8096.  -7116.  -7495.  -7624.  -7072.  -7699.
  -7319.  -6579.  -6518.  -6776.  -6391.  -6642.  -6075.  -6181.  -6503.
  -7156.  -7437.  -6844.  -7369.  -6423.  -6710.  -5861.  -6013.  -6588.
  -6726.  -6493.  -6966.  -6771.  -6682.  -6039.  -6200.  -5076.  -6010.
  -6135.  -6282.]
