[53334. 36926. 31182. 40761. 43186. 32997. 37527. 32095. 42539. 36095.
 40319. 34048. 31328. 30857. 37402. 38733. 43107. 29309. 26154. 31118.
 32514. 26808. 32618. 35285. 37829. 36482. 26434. 28120. 33619. 24766.
 25169. 30904. 26148. 26864. 35709. 38187. 26298. 29586. 26124. 26887.
 25730. 23092. 30747. 26870. 26575. 22179. 34415. 28821. 33422. 25923.
 26120. 26230. 22947. 29286. 24927. 24869. 31610. 22296. 22410. 21930.
 23039. 24922. 21082. 23915. 27361. 23473. 21655. 21109. 26601. 26971.
 21786. 23005. 23459. 22267. 19148. 17821. 21534. 19755. 18854. 21683.
 24733. 18513. 22183. 21325. 21804. 21355. 21721. 21517. 23434. 18073.
 21346. 23367. 18545. 17834. 18850. 18653. 19562. 21335. 20535. 17984.
 18259. 20616. 16677. 19195. 19098. 17986. 18020. 24727. 19868. 21542.
 17322. 17977. 16948. 18996. 19693. 19083. 16285. 17020. 17304. 18069.
 16670. 17432. 16694. 16842. 15897. 19036. 16783. 16649. 17366. 15612.
 18232. 21931. 16255. 15435. 16622. 15533. 17387. 15340. 17699. 15375.
 15781. 17950. 15302. 16767. 15744. 16001. 16079. 16532. 16569. 14465.
 16060. 16012. 14756. 14578. 14686. 15191. 15576. 14789. 15807. 15145.
 16289. 13644. 14418. 14473. 14059. 13590. 14457. 14308. 15124. 15142.
 14805. 15647. 14335. 14483. 14363. 14414. 13922. 14744. 13720. 13577.
 14892. 14677. 13043. 13085. 13334. 13442. 12804. 13718. 12504. 12957.
 14146. 13676. 13438. 12164. 12145. 13302. 14832. 14857. 12657. 11872.]
[36681. 60867. 34808. 29580. 31834. 47854. 43380. 35948. 39145. 32543.
 32590. 37685. 29752. 32467. 26120. 31929. 55263. 39194. 38784. 33574.
 31702. 32505. 37184. 33050. 34133. 31914. 34259. 31275. 32648. 36521.
 26190. 35135. 35440. 29074. 26666. 38695. 27189. 28901. 38742. 34965.
 27955. 27578. 31314. 25778. 29231. 36063. 26652. 25236. 25738. 25025.
 26462. 25985. 24058. 23626. 31510. 23095. 28609. 24665. 25499. 25345.
 26665. 25942. 22495. 22604. 22535. 20925. 26499. 24254. 24883. 24291.
 25503. 21500. 22644. 23251. 21925. 20273. 21613. 23692. 24525. 20492.
 29331. 24158. 24754. 23074. 20648. 25130. 26116. 24513. 20475. 24515.
 19350. 23007. 19156. 21898. 20853. 20697. 20302. 20661. 22385. 19156.
 18644. 19236. 19986. 19684. 18968. 19247. 18287. 17733. 20322. 17479.
 20630. 20104. 20143. 17957. 18413. 19247. 18387. 17289. 18628. 18125.
 17185. 16702. 17343. 17456. 16696. 18340. 16394. 17484. 19366. 15704.
 18556. 20756. 18079. 18221. 16582. 15444. 17739. 15908. 16020. 18839.
 15554. 17337. 15719. 16683. 16806. 15289. 18069. 15236. 15262. 16330.
 15820. 15460. 14654. 14746. 15061. 14759. 15397. 14189. 14816. 15043.
 16601. 14291. 15060. 15451. 15564. 13357. 16192. 14142. 15429. 15785.
 14269. 15551. 14586. 14452. 14703. 14840. 15254. 15725. 15249. 13868.
 14449. 16257. 14962. 13563. 13430. 13450. 14482. 13153. 13324. 13513.
 13810. 14065. 12996. 13905. 13290. 14101. 14053. 13962. 13846. 13220.]
[36159. 41375. 39638. 39628. 36182. 33642. 43386. 43879. 37424. 31777.
 30938. 38794. 30218. 35121. 38478. 32496. 45118. 40002. 33180. 38036.
 38334. 36963. 32398. 29850. 30688. 28752. 29343. 36026. 32176. 33329.
 35972. 30358. 29627. 34478. 34975. 38386. 27508. 28370. 25314. 28649.
 27682. 26007. 28217. 26690. 30859. 26382. 34797. 25181. 25887. 23202.
 27344. 26510. 26827. 23981. 25895. 24996. 26633. 24810. 27825. 24198.
 27115. 22612. 21675. 21775. 26156. 25579. 23169. 21770. 21756. 22115.
 24817. 24433. 22725. 21449. 23357. 23325. 22235. 20971. 23863. 21635.
 24966. 20025. 21048. 24312. 22302. 26532. 24021. 25929. 20173. 19698.
 21146. 20881. 20262. 20313. 20256. 21673. 20297. 20371. 25928. 19197.
 23104. 23431. 20253. 20568. 18152. 17476. 18798. 21465. 21134. 18789.
 20111. 19160. 18619. 17410. 18716. 18403. 19134. 18985. 18557. 18365.
 18328. 18563. 20233. 19394. 16915. 17591. 15695. 17363. 17152. 16982.
 19463. 17422. 17748. 16746. 16826. 15090. 17228. 16705. 16844. 18175.
 17385. 17647. 18668. 15389. 16989. 16837. 15340. 15915. 17284. 14505.
 15661. 16035. 16192. 15603. 16071. 14729. 15654. 15570. 16280. 14693.
 15166. 14927. 15065. 15851. 14954. 13619. 16615. 15494. 16550. 14123.
 15473. 15823. 14629. 15182. 15445. 16764. 13574. 16133. 14931. 12969.
 14461. 14940. 14048. 14312. 13896. 14445. 13959. 13892. 13576. 13151.
 15641. 14858. 13136. 13068. 13584. 13870. 14099. 14623. 13384. 13446.]
[37581. 43850. 57336. 39459. 40185. 36466. 39797. 29454. 37448. 39138.
 39223. 36446. 31425. 34956. 33135. 31015. 39799. 27463. 39381. 27072.
 32645. 37122. 36116. 33072. 29005. 27726. 38551. 30185. 34011. 28383.
 30086. 30168. 32832. 27392. 29262. 37678. 34173. 30776. 24950. 30522.
 33097. 25361. 32812. 30676. 27825. 30749. 27423. 23040. 30208. 27348.
 28670. 32918. 31062. 25967. 30200. 25022. 27311. 27148. 25891. 28507.
 28126. 30314. 25924. 28942. 22220. 26574. 24848. 22575. 22353. 22066.
 24051. 22487. 20553. 23967. 20407. 22424. 21780. 20897. 20795. 26086.
 24106. 25729. 20916. 20308. 23202. 22956. 23732. 20509. 20200. 22664.
 19746. 22471. 23457. 21252. 23982. 18847. 20402. 21616. 22131. 18902.
 22091. 20463. 20115. 19063. 22532. 19002. 18728. 19927. 20432. 20494.
 16874. 18524. 17874. 19449. 20717. 18850. 19331. 18718. 16832. 18155.
 17601. 16833. 17895. 17152. 15913. 16777. 16922. 18604. 19165. 16913.
 17138. 18911. 18763. 17552. 15586. 18476. 18720. 16310. 17933. 15100.
 18068. 18326. 17666. 18326. 16223. 15410. 16586. 15695. 17646. 14180.
 14848. 14473. 16087. 14930. 15279. 15307. 14830. 15271. 15232. 15703.
 16357. 14040. 14945. 15590. 14324. 14776. 15500. 14588. 14698. 14668.
 13812. 14402. 14031. 15545. 13564. 15716. 16388. 16991. 16831. 15085.
 16909. 15030. 15006. 14666. 14793. 13570. 14111. 14542. 14274. 13393.
 14410. 13941. 15152. 12485. 14327. 13482. 13676. 14192. 14042. 13325.]
[34283. 43417. 37163. 54680. 38249. 36541. 34897. 34719. 38120. 50834.
 33908. 38288. 29621. 39477. 33483. 30707. 30784. 39090. 38457. 28971.
 32991. 35813. 50887. 30567. 31816. 27053. 31937. 26866. 26590. 28616.
 28736. 24725. 27075. 25751. 32853. 29090. 35439. 30501. 33454. 37874.
 28658. 28097. 22981. 27787. 23336. 28542. 25469. 28141. 24705. 26392.
 28618. 24740. 26791. 22329. 29130. 24796. 21277. 26342. 25702. 23351.
 27909. 25257. 26606. 23476. 20792. 27957. 23610. 26066. 25347. 27243.
 27499. 22777. 20014. 24289. 25787. 21502. 20508. 24303. 21855. 20119.
 26401. 21291. 20437. 23348. 20710. 20924. 20776. 21030. 19259. 23717.
 21365. 19637. 21887. 20258. 19516. 20593. 19579. 22752. 24187. 19407.
 19347. 20972. 17519. 19098. 20897. 21949. 17555. 19664. 20099. 21735.
 16618. 18369. 18250. 19432. 20081. 17136. 18482. 19856. 16872. 17761.
 17915. 17725. 18493. 18995. 18278. 19191. 18592. 18024. 18300. 18022.
 17724. 18492. 17279. 15198. 16745. 17913. 18551. 15597. 17202. 17869.
 18418. 18648. 16436. 14943. 17333. 16501. 15645. 16925. 15975. 14553.
 16016. 15522. 15615. 16942. 15480. 15477. 16058. 15241. 14708. 15872.
 14890. 15540. 15624. 15353. 15213. 13637. 14223. 15773. 14655. 15315.
 15481. 15114. 13313. 15289. 14184. 15164. 15277. 15667. 15420. 14607.
 16011. 16121. 14747. 13994. 12942. 13824. 14150. 14322. 14228. 15111.
 14717. 14519. 13898. 13363. 14087. 13340. 14401. 13970. 13720. 12709.]
[39728. 37902. 53599. 46257. 37756. 37983. 45928. 27797. 53992. 32959.
 38710. 33306. 32359. 39631. 33256. 45487. 32945. 34144. 29363. 36438.
 32037. 30276. 42434. 46951. 36253. 30804. 27497. 31506. 34216. 26534.
 31799. 29699. 31915. 34020. 34343. 37989. 26836. 39451. 33911. 34723.
 26796. 27834. 34148. 25431. 27251. 28808. 29712. 26073. 22848. 29785.
 24077. 24841. 25004. 24292. 43246. 31560. 29112. 25467. 24702. 22458.
 37620. 25638. 24320. 22889. 21736. 26737. 25951. 23032. 30008. 22289.
 29366. 20715. 26990. 24364. 24656. 20002. 21072. 21285. 20993. 21550.
 24611. 20073. 25127. 20082. 24122. 25044. 24613. 20396. 22731. 17944.
 21340. 19591. 20404. 24753. 21786. 19931. 18695. 19300. 25914. 19150.
 22483. 21932. 18030. 20366. 20967. 21285. 21893. 19565. 16950. 20694.
 18981. 17076. 18136. 18909. 19368. 17359. 19486. 17162. 16048. 17870.
 19805. 16509. 17433. 16383. 18274. 16835. 16051. 15951. 17736. 17871.
 18092. 19170. 17136. 19592. 17832. 15448. 16239. 16861. 15300. 18734.
 18514. 17911. 16571. 16390. 17792. 16123. 16408. 14840. 16896. 16348.
 16863. 16005. 17714. 15353. 16227. 15248. 16977. 16348. 15123. 16690.
 16291. 16273. 14753. 14773. 14588. 15087. 16658. 15302. 16603. 15112.
 15238. 15872. 14656. 16644. 15768. 15949. 14092. 16601. 16141. 14006.
 15702. 15012. 14865. 14088. 13856. 14389. 14895. 15239. 15407. 13931.
 15169. 15838. 15189. 13017. 14268. 15406. 13803. 15528. 14304. 13175.]
[63595. 34748. 42238. 54411. 38240. 41203. 49910. 31864. 37519. 40063.
 29089. 40030. 35653. 35540. 33964. 46091. 46704. 34003. 28163. 26485.
 38247. 31187. 39957. 38432. 32568. 28651. 40327. 35433. 27811. 30109.
 25269. 29628. 27820. 31425. 25313. 27874. 39670. 27417. 27226. 37101.
 27235. 25622. 24602. 28487. 26101. 27407. 25787. 26676. 32622. 25430.
 25760. 24859. 32764. 28981. 28590. 24496. 29508. 24622. 27371. 24899.
 30057. 23080. 23631. 27616. 23367. 24741. 25347. 22541. 23879. 22419.
 24810. 23886. 21758. 22063. 21596. 23067. 21550. 26134. 22488. 21439.
 23672. 23347. 19905. 24719. 21610. 24280. 23321. 20403. 20293. 19455.
 20787. 20828. 24402. 21237. 18407. 21356. 19079. 21022. 22992. 21499.
 19997. 21051. 19681. 21456. 21257. 19745. 21313. 19810. 20240. 20476.
 19353. 18325. 20450. 18437. 20704. 20043. 18700. 18237. 18634. 20989.
 18256. 18524. 19856. 17043. 18223. 16876. 16813. 18931. 18825. 18605.
 17497. 16999. 18561. 17463. 16260. 17398. 17427. 17327. 15865. 17815.
 18295. 17806. 17907. 16016. 17814. 16638. 15607. 16745. 15088. 16813.
 16498. 18320. 16923. 15799. 16349. 16732. 17161. 15978. 15423. 15679.
 17802. 16325. 16618. 15487. 14573. 16236. 17144. 17669. 16494. 16328.
 14925. 15634. 14500. 17915. 15131. 15719. 14889. 16961. 15632. 15117.
 16140. 16723. 15404. 15387. 14776. 14990. 15594. 13447. 15799. 13754.
 14741. 15164. 14221. 14065. 13563. 15248. 15093. 14942. 13883. 14334.]
[37620. 37702. 35882. 62280. 47080. 33698. 44270. 40472. 39515. 37356.
 27685. 40063. 35626. 34175. 32455. 36873. 36048. 33124. 28883. 45503.
 34044. 34367. 44335. 30774. 39047. 30457. 29319. 37891. 34386. 28488.
 25338. 33974. 36795. 28016. 26339. 28167. 30069. 27919. 30348. 24307.
 30569. 29608. 27866. 27035. 24412. 27911. 27488. 26083. 28576. 27206.
 24568. 26701. 25240. 24661. 29009. 25265. 25970. 25416. 25540. 30898.
 25425. 31116. 24914. 20727. 22749. 25270. 25660. 24088. 23673. 22320.
 24035. 24951. 25566. 23877. 23651. 25903. 22459. 22848. 24326. 22168.
 25866. 21812. 28045. 21599. 18172. 25804. 22818. 21926. 20348. 19843.
 21927. 22129. 20058. 24270. 21217. 20559. 21552. 19522. 24456. 19506.
 18244. 22999. 19583. 21064. 20875. 18765. 21732. 21273. 21049. 23600.
 22392. 20788. 18339. 18949. 21536. 19530. 19294. 16201. 19364. 18715.
 18764. 16919. 18928. 18558. 17830. 19690. 19238. 18859. 20509. 17845.
 17702. 19920. 19095. 17904. 19638. 17743. 17840. 17749. 18181. 17323.
 18477. 19622. 16570. 19534. 17606. 16929. 18263. 16713. 16785. 15805.
 15800. 16438. 19037. 16722. 15811. 14685. 15770. 15973. 14716. 16696.
 17406. 16173. 17132. 14722. 15353. 15853. 14400. 14335. 14927. 15374.
 15099. 15457. 16317. 15233. 16442. 15847. 17030. 15394. 15938. 14866.
 16491. 15845. 15994. 16883. 14910. 14124. 13682. 14232. 16050. 14783.
 17260. 14212. 15685. 13959. 13846. 16242. 14181. 16458. 15491. 13591.]
[30447. 38389. 34465. 47770. 40377. 39774. 48619. 35192. 40059. 33204.
 33431. 28310. 34209. 33438. 33427. 34793. 36059. 34066. 31748. 51151.
 31304. 33356. 33693. 41032. 30034. 35101. 24360. 27762. 33148. 33304.
 30481. 28418. 29633. 38632. 40568. 30118. 27338. 26976. 33966. 36454.
 26550. 27551. 32278. 29340. 28417. 29454. 30080. 27134. 28578. 24785.
 27459. 23012. 33643. 24973. 34865. 28179. 32544. 25999. 32000. 29337.
 29520. 24356. 24625. 21545. 21323. 25585. 24664. 23678. 22912. 26813.
 23731. 22001. 23887. 21182. 22193. 21042. 23400. 23659. 23288. 23767.
 27236. 19789. 21841. 21211. 19752. 22251. 21713. 23342. 21547. 21307.
 23991. 24858. 21178. 22964. 21212. 21851. 20193. 24572. 27311. 20483.
 19741. 25584. 20702. 20253. 19518. 21158. 19551. 22244. 19254. 21172.
 17843. 19766. 21467. 20309. 23631. 19641. 16448. 19913. 18395. 19811.
 17237. 18560. 20547. 17477. 17716. 20345. 19277. 16852. 18862. 17813.
 18373. 18814. 18151. 18165. 17439. 19387. 18336. 17465. 17556. 15696.
 19788. 19203. 18011. 16803. 19737. 16928. 16797. 15907. 17846. 14517.
 17474. 16431. 17377. 17805. 15043. 17434. 16850. 16439. 17053. 16599.
 18769. 17128. 17189. 15634. 16222. 16490. 16235. 16945. 15564. 17438.
 15269. 15552. 14630. 16130. 15576. 15475. 15161. 16052. 16924. 17221.
 16859. 16496. 15377. 15561. 14588. 14536. 14719. 15884. 15865. 14997.
 16129. 14584. 14072. 12979. 14199. 14717. 14536. 14751. 14230. 14793.]
[54208. 50808. 44016. 40010. 38767. 45815. 40486. 36889. 31033. 38804.
 33571. 34430. 38812. 34547. 33003. 37896. 44913. 25672. 39124. 37526.
 36744. 35873. 52490. 34835. 27155. 40572. 38691. 30239. 35885. 30255.
 29871. 29596. 31603. 34734. 31683. 39660. 29906. 35772. 25714. 41856.
 28820. 32613. 26238. 26718. 29382. 28340. 29331. 29750. 31862. 30205.
 27493. 32719. 26684. 25219. 27391. 25800. 33638. 25969. 24731. 28210.
 31482. 28079. 25248. 23427. 22615. 26726. 24836. 23393. 24257. 23682.
 22548. 22859. 26223. 25005. 22204. 20592. 24276. 25728. 23613. 24575.
 22008. 25127. 24649. 19993. 23699. 27112. 24104. 19942. 22917. 21434.
 23977. 22432. 21018. 21106. 20780. 22470. 22590. 24011. 27370. 23944.
 19323. 24030. 20888. 21238. 20063. 21096. 21048. 20458. 19886. 20541.
 20702. 22362. 18136. 18633. 20949. 20770. 19027. 20165. 17348. 19497.
 18169. 21711. 20503. 18982. 17839. 17082. 17428. 16963. 19642. 17263.
 18796. 19455. 18000. 18889. 16636. 19272. 19772. 18886. 18316. 18513.
 18394. 18735. 19177. 16618. 18183. 17696. 14823. 17642. 17984. 16784.
 17500. 16837. 17270. 17123. 15991. 17710. 15230. 17840. 15245. 15951.
 16078. 16606. 17391. 15367. 14792. 16336. 15200. 17222. 17400. 16222.
 16827. 16357. 14827. 15552. 15676. 15312. 14549. 17185. 16071. 14985.
 17528. 17935. 15422. 17016. 14854. 15836. 14169. 14622. 15013. 14948.
 15843. 16355. 15361. 14513. 14643. 14740. 13947. 15343. 15300. 14846.]
