[ -2.87328144  -6.01338014  -1.8057699   -1.95106719  -2.2351843
  -4.33259884  -5.87174848  -6.31309278  -4.67875711  -6.30907273
  -1.1055344   -1.73984263  -3.183595    -3.69668083  -1.26485462
  -2.05441923  -6.69581148  -3.23442235  -0.96312929  -1.10005197
  -5.13807243  -5.790572    -4.69756871  -2.99113573  -5.27410268
  -3.11305023  -1.47858062  -1.27934378  -8.43422517  -2.78224248
  -0.08372946  -1.86844179  -4.19096347  -8.78626653  -1.33354619
  -2.32857934  -3.15145379  -1.67232375  -3.05148805  -6.08177585
  -1.41748738  -1.14897474  -2.0582082   -1.77965342  -1.80259087
  -0.60208888  -1.55578337  -0.60840311  -3.19472341  -2.76374493
  -2.16537399  -4.99049954  -1.09639997  -0.69450026  -3.78080877
  -7.40368878  -8.22222573  -5.50711573  -1.89342792  -5.02512043
  -5.22008345  -3.24053002  -3.90019636  -2.36356428  -2.30220135
  -1.30171429  -3.12916776  -2.423285    -1.65631311  -2.24446385
  -1.95629766  -1.43299901  -1.74036702  -2.90164769  -5.02117403
  -0.8509919   -1.96239263  -1.31989131  -1.52295439  -3.04052578
  -7.07499444  -1.10695655  -1.62887871  -1.61511167  -0.9332374
  -4.36136418  -2.86516793  -3.91141564  -6.16391665  -0.16858845
  -4.36744853  -2.61795964  -1.88266037  -2.01445886  -1.90902198
  -6.82212068  -1.86894326  -0.51619657  -1.57551197 -14.94748665
  -0.92346252  -4.70290284  -0.68672608  -0.9479679   -2.96241549
  -2.00538516  -3.06395256  -2.34471865  -2.55023058  -3.64301352
  -4.40147055  -1.17479976  -0.47638392  -3.63538505  -6.70815258
  -1.9428373   -0.34456174  -0.54646616  -0.92057772  -2.0203352
  -0.68017513  -0.30877008  -1.82765186  -0.79746398  -2.04258928
  -2.2826504   -0.89776414  -0.56968391  -3.79619624  -0.67337951
  -0.42845226  -1.20422553  -0.34209359  -6.77131753  -0.76498769
  -0.65047231  -2.49808599  -1.04472835  -5.31107498  -0.14572805
  -3.31477748  -1.19938178  -6.64426222  -0.9409331   -0.94593987
  -2.54788196  -2.98266699  -2.42237669  -0.92271951  -0.11982377
  -1.87619608  -0.27782217  -1.38870441  -1.09303784  -0.73943842
  -1.01830112  -0.47966028  -1.57336625  -1.46294735  -1.97557585
  -4.16419089  -0.2893383   -3.29428197  -1.0885428   -0.79509765
  -1.72759433  -0.61377615  -0.75369491  -1.80797194  -3.17003915
  -1.79973108  -1.41050519  -1.83867698  -1.20280087  -1.08459388
  -2.10734324  -0.23006763  -1.44664323  -1.26756731  -0.93897568
  -2.30806713  -0.68597477  -0.46573481  -1.35389365  -0.39619513
  -0.70258531  -1.1131258   -0.50601569  -2.28163009  -1.08458373
  -0.86713373  -0.41223547  -0.77753723  -0.57858409  -1.30167084
  -0.79055557  -1.11600176  -4.18435102  -0.73804945  -0.84353238]
[-1.21253182 -5.37916983 -3.13882239 -1.79434838 -2.14115573 -6.78186233
 -0.9186284  -9.55709141 -2.69387287 -2.71962441 -2.21674837 -1.22048373
 -4.45374359 -4.48108792 -1.26983098 -7.56461341 -5.45240709 -4.31447791
 -1.0607799  -1.47590302 -2.41420372 -3.74592807 -2.26215848 -3.97943329
 -1.73409694 -0.38027906 -1.30216078 -8.68557091 -3.46626593 -3.80202823
 -0.31440193 -3.86223815 -3.10471001 -1.74767085 -1.92303416 -4.11113971
 -2.17202668 -4.52127228 -1.40135366 -5.1920404  -4.98010691 -1.89807973
 -0.67452289 -1.09585431 -2.03172376 -0.73850998 -6.33136453 -7.01131242
 -6.35443076 -3.0719056  -1.02915001 -4.7784915  -1.71227016 -6.37114454
 -1.80068491 -5.9696156  -5.57140093 -3.18425711 -1.38233818 -4.40230639
 -6.39148949 -2.36472365 -0.91888054 -3.80547942 -1.21294595 -1.23955553
 -1.82367565 -4.84528334 -1.33224572 -1.43575643 -2.49144077 -2.82471389
 -1.37540337 -1.79868404 -6.67916166 -0.40093056 -0.96417442 -0.47414101
 -0.61168618 -3.54277724 -8.12564988 -1.1708911  -2.10113137 -1.89523626
 -0.66974986 -6.05767179 -1.47856041 -4.49992612 -6.78487919 -1.4987493
 -1.69235399 -4.05183921 -7.46456694 -5.88444624 -2.34333665 -0.87055558
 -4.85134701 -0.83831923 -0.33389228 -4.29120321 -1.15686678 -6.87997104
 -1.78432529 -0.99721444 -1.57739705 -6.13900525 -2.09068853 -0.86789778
 -2.05107273 -8.88159065 -3.11642771 -0.83905155 -2.13864383 -1.18302962
 -1.84833391 -1.09303303 -0.34748068 -2.56636561 -2.05217368 -4.14298749
 -1.44052394 -0.49092383 -2.66937694 -1.78781003 -2.35723003 -1.03343782
 -1.67270374 -0.90102144 -2.892126   -0.61465961 -0.25515591 -2.90971099
 -0.39252514 -2.72351592 -1.23835187 -1.48087978 -8.60290961 -0.8902019
 -3.57606496 -0.17197615 -2.74974024 -1.33046613 -1.53130353 -1.42236902
 -0.81726312 -2.0762604  -1.5056628  -0.76309565 -1.69969932 -1.06294226
 -1.00501834 -0.55072065 -0.78368849 -2.72825532 -1.89489726 -2.56425034
 -0.64709662 -1.61332705 -1.50653443 -1.40159139 -4.44638008 -0.88701387
 -4.15216209 -1.37648384 -1.64715931 -1.14908311 -1.7011285  -0.7142055
 -0.47111217 -4.24520129 -1.03387573 -1.30864201 -2.96604214 -1.22388927
 -2.15319446 -4.61559122 -0.47056451 -2.58575353 -0.72439519 -2.4055187
 -1.30202487 -0.77293524 -0.45639151 -0.66407823 -0.48054306 -0.51573786
 -0.3979485  -0.22933296 -2.05492079 -0.50169857 -2.01477383 -0.18700616
 -0.8838742  -0.60170288 -0.51491956 -0.88495192 -1.15773424 -3.40318086
 -1.03931665 -0.42584444]
[-4.52450269 -3.98491333 -5.72844809 -4.163949   -4.90809249 -3.71182838
 -4.38741389 -9.68946856 -4.88071951 -7.39881726 -2.61693596 -1.56287253
 -3.07826235 -7.76569558 -1.59491048 -5.07141104 -3.50002783 -4.47992609
 -1.39947852 -2.3555311  -2.41117467 -3.39592516 -4.59391597 -1.39885966
 -5.10656384 -2.17149527 -4.12796142 -8.54575573 -4.5629054  -3.11509599
 -0.17343907 -3.85765274 -1.86675982 -3.02518722 -3.3751495  -2.98589344
 -6.74008432 -4.79071564 -2.87726079 -2.65709209 -3.55351036 -0.37818983
 -0.70576671 -1.02610977 -1.87027641 -2.13395558 -2.93325263 -9.92377871
 -4.53531534 -6.68014225 -4.18917711 -2.10233916 -1.48570324 -1.24529425
 -3.74386191 -2.19480368 -5.61971637 -1.7340322  -1.27610105 -1.34457458
 -9.09752959 -4.01652774 -2.92673028 -5.316363   -2.32549921 -3.81044194
 -2.1882372  -3.19381226 -1.75511318 -0.50544709 -4.83064036 -3.09655431
 -1.09293634 -1.29242114 -8.9390823  -2.39620192 -4.5695479  -0.74801795
 -1.70387749 -1.7706977  -5.83901435 -1.39582079 -1.02417597 -2.75125342
 -1.09814781 -2.69191273 -0.5810638  -4.06600007 -5.74040066 -0.51794458
 -4.49877587 -0.64017056 -4.81662916 -4.22141718 -6.77040994 -4.20683258
 -1.27157302 -2.07126403 -2.20675522 -1.00351665 -0.79934872 -5.72958025
 -6.68987545 -0.57660423 -3.69802395 -5.50598993 -2.40510938 -2.38349677
 -1.04322714 -2.29803138 -8.48888546 -2.89252205 -2.2321094  -1.34059953
 -1.64173798 -1.05940075 -0.4139052  -0.61372242 -1.9140979  -1.22192778
 -1.22009323 -0.8123702  -2.41120466 -1.01080993 -0.95071046 -1.71675137
 -1.35660669 -1.2634172  -3.74474344 -1.05711306 -3.48916762 -1.6245778
 -0.67369431 -1.84367641 -2.05557704 -1.91176265 -7.13403035 -0.347425
 -3.3122424  -1.15699937 -1.02975313 -1.2491695  -2.09784837 -2.8541488
 -1.00515467 -2.50765702 -3.33457206 -0.83658247 -1.26483194 -0.4818472
 -0.53955735 -0.39399692 -0.84294978 -5.50635654 -4.07562022 -1.60917873
 -1.11366306 -1.54199702 -0.85363528 -4.26516443 -4.64491582 -0.35519229
 -3.30851436 -1.09249926 -1.38490797 -2.22679806 -2.71079784 -0.57855821
 -1.40060188 -2.26178918 -1.95033146 -2.33906972 -0.67004222 -2.51089152
 -3.53440331 -5.48655816 -0.2131516  -3.19733991 -1.67266717 -0.48694227
 -1.5266116  -1.05193105 -0.43983413 -0.72424833 -0.33827896 -0.66693912
 -0.92429912 -0.3944097  -0.82180562 -0.24124187 -1.16184032 -0.25000724
 -0.9381703  -0.38144352 -0.38750535 -0.72259102 -1.09736826 -4.08725388
 -2.07753688 -1.31387911]
[ -3.34897686  -5.48949627  -1.5647554   -2.6701246   -1.93590298
  -5.91774991  -4.27775076  -4.61650987  -6.49449929  -0.99640268
  -4.84960536  -2.01750114  -4.1144484   -7.33996311  -1.59267578
  -3.48876279  -2.73291153  -4.37604676  -2.42939286  -3.59846567
  -5.41531414  -3.04337479  -2.96511087  -1.49359501  -2.69185229
  -2.69524959  -3.27340327  -4.77534341  -6.14803326 -12.59287733
  -0.99841757  -1.46312446  -2.07606054  -2.20466778  -2.31794131
  -3.07872065  -3.5339882   -2.97029898  -1.55955471  -4.90340058
  -6.82943308  -0.90945458  -0.80372225  -1.88850958  -4.22829049
  -3.08841215  -4.51628725  -0.59589675  -1.04236598  -3.81352159
  -3.23370465  -3.24168604  -1.91822007  -2.49618176  -4.64757629
  -4.79059596  -2.17447125  -2.18234933  -2.11978455  -7.55534338
  -3.69627481  -2.67883109  -1.5137079   -4.83081945  -2.13933212
  -3.73841471  -3.98440329  -4.6397775   -0.4220033   -2.08609722
  -4.12281888  -7.65969362  -1.78091701  -1.56857421  -7.54429942
  -0.97524085  -3.70944936  -2.18897926  -4.72456043  -1.26229269
  -4.89297601  -2.17875208  -1.03388749  -0.57874602  -0.88856206
  -3.38528379  -1.75452151  -5.22529293  -5.6355551   -0.16698999
  -2.30634928  -3.59284372  -7.04528363  -7.74090876  -2.97900653
  -2.6914023   -1.34488006  -1.45755709  -1.31320563  -6.11399193
  -1.01031154  -2.28249224  -5.31782768  -1.16667319  -2.07348262
  -5.09932568  -4.93353807  -1.82500817  -2.00183387  -5.53825735
  -1.00368583  -1.67615532  -2.3252905   -3.50492774  -3.1456763
  -4.0529679   -0.41444806  -1.08821523  -3.26203464  -2.38501139
  -1.06844109  -1.797008    -2.18027921  -3.79834817  -2.39955201
  -1.97325912  -0.91378336  -3.60106088  -1.95163486  -0.61654589
  -5.30119299  -2.23814832  -0.69143306  -3.79520873  -1.44036183
  -1.67036061 -10.02178699  -0.93807047  -1.44256608  -0.60727959
  -3.36423057  -0.42441405  -4.70452268  -1.12990859  -2.2551737
  -2.23672265  -4.43733029  -0.4331945   -1.02391184  -2.95210552
  -0.7091572   -0.90735506  -1.07595008  -2.21736542  -2.84215941
  -3.06399152  -1.43242331  -1.16661814  -1.05950248  -1.32813464
  -2.0004932   -0.20325224  -0.95030076  -1.38299292  -0.6309295
  -1.76522401  -0.93809826  -1.25839628  -0.65754351  -3.96040786
  -1.77484797  -2.82624718  -1.05008058  -1.92922043  -2.85483855
  -0.97831213  -0.86755414  -1.41205958  -1.67482387  -2.31395228
  -3.84767634  -1.22821642  -0.21095179  -1.48155652  -0.58353793
  -0.20151853  -1.29609987  -0.40182742  -0.92424026  -0.50317082
  -1.72337346  -0.44319132  -0.68253675  -0.20457577  -0.65840106
  -1.12644823  -0.30489727  -5.87956073  -0.5956715   -0.42070259]
[ -7.35571046  -4.73216035  -1.27938834  -2.02055772  -2.8272477
  -2.41122647  -2.73067788  -1.63360538  -6.25817947  -0.84904585
  -3.52557643  -1.2463191   -9.02838481  -7.65182894  -4.02196627
  -2.12430947  -8.94777693  -2.75635143  -2.53092558  -2.97611024
  -4.45352913  -5.65248892  -5.16637969  -3.22800208  -4.90468381
  -2.48605747  -2.29587992  -4.47899563  -2.37278122 -10.03743233
  -0.47214905  -2.41109109  -1.67825216  -1.95646267  -1.84718988
  -1.56436601  -4.82085443  -2.51732898  -2.02459823  -5.23716152
  -3.18593302  -1.17487111  -0.80310692  -1.9441538   -5.56374558
  -0.28446279  -7.41995715  -3.34304857  -2.82685481  -7.04617827
  -1.7832795   -3.98557204  -3.15445997  -3.61324179  -2.97378101
  -2.30371998  -3.84143745  -0.60871009  -1.32894412  -2.77885606
  -3.83002303  -4.40182843  -4.24418442  -9.73537225  -2.60693088
  -3.43650291  -1.39278016  -2.9872328   -0.99124927  -4.93479781
  -6.43219096  -2.04814966  -1.45035121  -6.60714254  -1.58116514
  -3.34350224  -4.13936524  -2.67179129  -4.19829806  -1.27910298
  -4.09659395  -0.73020615  -1.25301737  -1.30828082  -1.3372509
  -2.47120249  -3.57648432  -0.36021766  -4.7022336   -4.34355127
  -2.12833094  -4.84150613  -3.06498186  -6.03850957  -6.52990304
  -4.50487358  -0.78676272  -1.5397946   -3.11628569  -2.60234741
  -3.30678141 -14.16326904  -2.70633858  -0.78944393  -1.50245053
  -7.61561546  -1.06146451  -2.89334804  -2.88164489  -3.5696186
  -4.05226703  -2.06784232  -3.21940314  -4.14957899  -4.44619812
  -0.69320584  -0.81979651  -0.55720125  -1.24351941  -0.40241623
  -0.64490073  -0.81210888  -3.07799188  -3.03190846  -1.30808496
  -1.81975449  -1.42109075  -2.49567202  -2.17395179  -1.06072633
  -2.99990522  -5.77430249  -0.20107597  -3.53439375  -0.80945046
  -2.65961869  -5.8887832   -1.31214128  -4.46274884  -3.31739943
  -7.26626481  -1.06095906  -3.84434324  -0.53434415  -2.44176812
  -2.76614988  -0.80791635  -0.32434546  -1.33445812  -0.94413825
  -1.52550597  -0.61165865  -2.88435776  -6.45258675  -1.8559098
  -1.99704927  -0.30288246  -1.35460738  -1.66861749  -1.20188897
  -5.60109203  -0.44843047  -1.37395285  -1.49189241  -0.97974251
  -2.79650211  -0.29835886  -0.58533646  -1.36867542  -2.87465831
  -1.73729269  -1.84119889  -0.76164324  -4.0862431   -4.76756985
  -0.61548707  -1.64748519  -2.51067242  -2.64561971  -0.64014232
  -3.19168416  -0.89152808  -0.12993872  -1.62421687  -0.48530751
  -0.84818332  -1.10804414  -0.25276517  -1.21275705  -0.75696648
  -3.55434379  -0.14752763  -0.77711959  -0.3660703   -0.3094168
  -0.71958542  -0.84451405  -2.71371766  -2.27860534  -0.40586382]
[-2.92591685 -4.65093075 -4.5869215  -1.17609857 -0.38305823 -3.85633743
 -7.39299846 -5.74695103 -3.72944093 -1.11130296 -1.29132728 -2.49422679
 -7.64877844 -9.83809004 -1.00827135 -2.19938432 -8.74276755 -2.21697322
 -2.61082429 -2.39122126 -3.60591384 -3.56151257 -4.57439682 -6.06816473
 -4.50286414 -1.30506391 -3.55571863 -2.41257805 -2.70637654 -3.31954808
 -0.5846274  -2.57894701 -5.04144181 -9.00639276 -3.57520159 -2.2390034
 -3.88562266 -4.24792935 -3.20193012 -3.71714183 -1.24135653 -0.77629518
 -2.30056163 -0.79877909 -6.2321844  -0.87987916 -8.42416704 -3.45523691
 -3.5071369  -4.64470236 -1.56091233 -2.71045788 -3.36085127 -1.7341927
 -3.81169841 -4.55671265 -4.50232897 -3.54730088 -1.83469136 -3.17402373
 -6.24313802 -4.56794335 -3.87326746 -4.73883807 -3.45042989 -1.5273614
 -2.96344897 -2.16817374 -1.43863197 -1.12679073 -8.47016726 -2.10804319
 -1.74051418 -4.29462181 -1.29479936 -2.71964254 -2.07127341 -4.53812624
 -1.2109724  -3.25903078 -3.33146763 -1.37302027 -1.31059965 -2.76933385
 -1.26154017 -2.79067513 -3.06722177 -1.93556769 -9.09826895 -1.79325814
 -2.0455642  -0.98185481 -2.45009569 -4.34782402 -1.87398239 -2.51815537
 -1.19125781 -0.51407998 -2.39477937 -8.0250663  -3.30638901 -8.98899682
 -2.45258645 -0.66638511 -1.27722762 -1.74915105 -3.76682224 -1.49058259
 -1.48898022 -2.14898064 -2.64355126 -1.66197721 -1.97265753 -2.69742959
 -5.84026265 -2.84445733 -0.43336237 -4.12705209 -1.87715315 -1.0292899
 -1.21935279 -0.89857737 -1.38106762 -1.63797288 -2.65401326 -0.89250433
 -0.41116137 -2.46166205 -1.61169747 -1.09507247 -1.86945666 -0.78552286
 -0.39813656 -5.39440558 -1.06182722 -1.55693606 -4.27684105 -2.15990874
 -6.52030253 -1.16783809 -2.25124536 -1.14499955 -4.87075065 -1.51212021
 -1.78783717 -1.60667843 -0.47671143 -0.65703258 -1.59978687 -0.53386594
 -0.50287931 -0.68841075 -1.39915589 -2.9023431  -2.02722623 -1.02667319
 -0.23526623 -1.31518133 -1.17854756 -0.92336202 -2.14105941 -0.28497712
 -1.57888124 -1.7308341  -0.82304966 -3.31254665 -2.08636423 -0.39832865
 -1.31782083 -4.53207581 -2.00728775 -1.69343948 -0.69272598 -4.30188958
 -2.86610875 -3.97744535 -0.51528523 -2.46326556 -1.11524957 -1.03004108
 -4.29750527 -0.88854566 -0.53879562 -0.9061487  -0.80445965 -0.49678819
 -0.63050808 -0.41077134 -0.6836285  -0.44672722 -1.98263996 -0.21676707
 -0.7464429  -0.46432908 -0.43010369 -1.63670108 -0.34864974 -0.39057772
 -2.15686716 -0.88153883]
[ -4.23777798  -7.36453093  -1.84526696  -9.00894038  -2.55033105
  -2.79700858  -2.35058632  -4.65059644  -7.01328825  -4.56541907
  -2.96919385  -2.01829559  -3.25634336  -1.84756733  -1.91367037
  -3.74283575  -5.45461937  -2.27484538  -3.67497408  -1.63980918
  -2.8954261   -2.12938611  -5.47329551  -2.51134117  -4.94856766
  -1.69501885  -2.81418648  -2.53903349  -2.53423917  -5.90451666
  -3.43143159  -3.14155919  -3.01681221  -8.6349274   -4.47945369
  -2.77376055  -2.84204265  -6.54381531  -2.15721823  -5.39664731
  -2.7410657   -0.80032145  -0.62991758  -0.9959881   -3.33838423
  -2.10213393 -12.12387464  -1.85168629  -5.00030676  -4.62578105
  -3.47644907  -3.52527538  -1.33690438  -1.60871118  -6.71267253
  -3.49564995  -2.71170443  -0.41285574  -2.28812053  -0.65734299
  -4.87434737  -2.80355969  -5.69093368  -7.89140069  -4.66684989
  -3.90329008  -3.74682883  -2.85874631  -0.43557009  -0.36313652
  -2.38658181  -1.16577333  -2.7236034   -5.1707042   -9.62502645
  -2.62438583  -1.891516    -0.83654546  -3.64844463  -0.97329718
  -5.14384137  -0.79736552  -1.03611721  -0.97235391  -1.00706946
  -2.9055399   -5.44732098  -2.84031102  -5.31626344  -2.38807984
  -1.60430815  -1.7570837   -5.7723201   -1.5099478   -1.56190873
  -0.72533651  -1.59059479  -1.8739258   -1.32174911  -1.59383289
  -4.17941357  -3.55335407  -6.26784306  -1.36481674  -3.8113521
  -2.73585736  -1.99116361  -2.51869504  -1.58477512  -4.78509442
  -4.06446901  -2.20703407  -1.00760657  -3.18030716  -3.58350881
  -0.37752369  -0.6089481   -2.52295365  -1.38467073  -0.96141814
  -1.44374107  -0.40785707  -1.64940917  -2.26646731  -2.53704224
  -0.6765523   -0.82046592  -0.86689093  -1.66686697  -0.60677517
  -3.08680557  -2.65947888  -0.47764034  -5.2535275   -0.55060001
  -1.56365311  -6.17147505  -0.96483466  -3.45863436  -2.2063216
  -2.13590998  -0.44150058  -3.13517101  -1.71184712  -0.63818199
  -1.62217436  -1.27471646  -1.80610156  -2.11242718  -1.27176247
  -0.7272088   -0.60437121  -1.53630594  -1.84134239  -2.24641469
  -2.06933684  -0.49037057  -1.35886396  -2.77197774  -2.103179
  -3.45610665  -0.14414293  -2.36568293  -2.12711889  -0.3367233
  -4.44202974  -1.51759543  -0.73889549  -1.18819982  -1.59329668
  -2.58420361  -1.17657007  -0.48424359  -3.93468536  -0.28282432
  -2.95027399  -0.71116745  -1.64503914  -2.56126569  -0.78302089
  -3.96484475  -0.94516618  -1.2461673   -0.37947005  -0.92908138
  -0.92126222  -1.09884914  -0.52823935  -1.79755717  -0.5003183
  -1.39782042  -0.21456866  -0.86219783  -1.2921732   -0.84837048
  -0.9574623   -0.59293043  -5.0117521   -1.79306859  -1.54143679]
[ -4.76616716  -3.66540562  -2.98744612  -2.9693255   -0.78283222
 -12.06495261  -2.79720258  -9.70207153  -3.65233457  -3.45673696
  -1.8501543   -1.70068871  -7.25799183  -7.89538217  -2.16043145
  -3.01156773  -3.20370461  -2.45144999  -0.83520591  -1.22145028
  -1.57358251  -4.82498679  -6.39017294  -4.69970519  -2.26249326
  -1.37606042  -4.14771526  -3.08514493  -9.04873442  -3.98155914
  -0.79422668  -2.10600826  -1.24440003  -4.30666581  -4.40609406
  -2.2048443   -3.17851102  -6.55204563  -2.79419234  -3.67222473
  -4.78783962  -1.77581812  -0.67653401  -0.42415393  -1.61069611
  -1.78607327  -1.35052831  -2.24976826  -4.30905924  -4.0625505
  -2.88567756  -2.92792834  -0.90395209  -1.28365678  -4.85619625
  -7.35724674  -4.81626982  -1.51573822  -1.66606994  -3.38555637
  -3.35762135  -2.62530919  -1.06694961  -4.18536202  -2.41794279
  -3.62783488  -2.66020459  -2.58192813  -0.84388516  -1.30517077
  -4.85743095  -4.66715613  -0.83985207  -5.6921283   -3.16336542
  -1.19063725  -1.76088998  -2.80435481  -2.166043    -3.45305652
  -5.91970413  -1.03433447  -2.25099494  -1.02391117  -1.0653693
  -2.85274054  -2.55328344  -3.09831984  -3.65879973  -0.7647389
  -6.64818233  -2.7391523   -6.2646244   -1.06489218  -2.72556046
  -0.7036638   -3.28554896  -0.60648419  -2.13381363  -2.5446881
  -1.25022935  -4.19139869  -3.80349815  -1.0215639   -4.17476576
  -6.20887523  -2.4467352   -3.01329703  -1.79340686  -5.97523659
  -2.35019448  -0.90641728  -1.32755209  -5.02947934  -6.8121862
  -0.86761111  -0.49448686  -1.17004461  -1.21978353  -0.53523762
  -1.20218398  -1.03310496  -2.02773948  -1.48543095  -1.01393453
  -2.14421255  -0.87124016  -1.90268534  -2.33784467  -0.40122869
  -1.6840715   -2.05219349  -0.40216975  -2.74763552  -1.3036821
  -1.31785833  -1.32798096  -0.84698883  -2.79661273  -3.82812747
  -4.16538712  -0.4252002   -3.71761362  -1.36098027  -2.16209745
  -1.68320809  -3.82009822  -0.39626213  -1.72117005  -1.75864008
  -0.38300419  -0.13962998  -1.24768503  -1.98246213  -3.0770847
  -0.70277113  -0.46988484  -3.03922008  -2.08601586  -1.87313566
  -4.41140375  -0.3519327   -1.69070459  -1.24896864  -1.04997751
  -0.66333748  -1.70899931  -0.61719556  -3.74384586  -3.54826277
  -2.20258535  -1.3488244   -4.48889153  -2.8198638   -0.92697842
  -5.61346134  -1.15179926  -1.68806782  -3.21109932  -1.44212463
  -4.596284    -1.13903649  -0.18568591  -1.6238571   -0.86592652
  -0.37836463  -0.33096316  -0.19706314  -1.55321172  -1.00477609
  -1.97606551  -0.09672837  -0.41878098  -0.58076371  -0.21313166
  -2.31030857  -0.81905547  -3.34871771  -2.6228906   -1.90076613]
[ -5.53382784  -6.27885877  -3.52487784  -2.8861027   -2.15572727
  -2.48030275  -6.27902715  -3.33772275  -5.72549396  -1.25032452
  -3.49244644  -0.6841524   -3.70096573  -5.64248219  -4.15392153
  -3.59889103  -8.58730672  -3.08226815  -3.59231031  -2.99627454
  -4.80518136  -1.09096866  -5.55263953  -1.95367126  -6.49760042
  -2.0028954   -3.16717407  -3.51819944 -10.25124911  -2.35368656
  -1.07422254  -3.24649007  -0.74689942  -2.86548797  -1.06987498
  -2.65553473  -4.50041015  -3.79515886  -3.06098276  -1.71185478
  -2.3285214   -0.7041301   -1.18475678  -2.35851532  -1.03237023
  -1.4666908   -7.14829583  -6.94466624  -2.189534    -3.20431359
  -0.68564497  -2.01155566  -3.79148954  -2.71741014  -3.25903529
  -4.5070744  -11.65865004  -1.1749755   -0.82339395  -5.69300376
  -3.49301056  -1.52095849  -4.58409552  -4.60852698  -1.46613412
  -1.62247309  -2.13397591  -3.28847085  -1.2693011   -2.21375838
  -3.3684054   -4.06064233  -2.00291128  -2.23865514  -4.19803861
  -0.68734617  -3.27609706  -1.21532783  -1.63909765  -4.79958812
  -1.98861785  -2.74226791  -1.88646298  -1.28965168  -0.59926872
  -3.83526974  -3.96160968  -2.21483429 -16.58878599  -0.24302785
  -2.32183942  -5.62435612  -4.01987183  -2.60469539  -1.66361783
  -1.21459073  -1.99106451  -0.57493542  -2.19566214  -1.43511946
  -1.74103904  -3.8205776   -4.54484132  -2.44704547  -4.22925715
 -10.53328279  -2.63709876  -2.12096543  -1.41704245  -1.58939543
  -5.90307454  -2.2309688   -5.28849988  -0.52429016  -3.6269273
  -1.12907935  -0.43498738  -3.02682672  -2.81528265  -3.256054
  -1.76768227  -1.6050222   -2.52723311  -0.39587423  -0.72100384
  -3.5717442   -1.43322913  -0.9772608   -3.8247703   -1.18578967
  -1.12975519  -2.90895183  -0.88213904 -11.05451389  -1.68407267
  -1.4368735   -2.92300212  -0.82422548  -3.16954665  -2.55119663
  -4.86808457  -0.65025019  -5.86829855  -0.34997613  -4.27490517
  -1.6574717   -4.10977059  -0.90829391  -1.49992505  -3.98501034
  -0.76419134  -0.4264601   -2.6091846   -3.43664875  -2.06545926
  -0.90595571  -0.56784455  -1.34086793  -0.66987175  -1.53622531
  -1.42779553  -0.19614918  -3.00899518  -1.11785463  -2.07366828
  -1.17522209  -1.30025369  -0.63267715  -1.71685009  -2.19136058
  -2.03675128  -1.80339677  -1.38645033  -2.79457987  -2.90744304
  -4.52529312  -0.61793248  -4.35257025  -2.36550596  -0.82324872
  -2.28406376  -0.58469707  -0.33706212  -1.20355499  -0.80066331
  -0.22844866  -2.32007698  -0.17060757  -1.2688877   -0.43764866
  -1.80359692  -0.37207001  -0.0735504   -0.75727751  -0.16269587
  -0.79406234  -0.74659609  -0.4074647   -1.74707809  -0.61547098]
[ -3.83027524  -4.61310727  -4.24731879  -8.41356059  -1.37980794
  -9.41646136  -4.83400331  -4.73382408  -3.09416617  -7.17710097
  -2.47414606  -0.66667888  -4.54493851  -8.51672923  -2.56125036
  -4.89168481  -1.90733907  -4.1162137   -2.35788042  -3.78317536
  -4.9084882   -5.84934021  -4.15831231  -7.31457485  -1.578628
  -1.86073912  -4.56576022  -4.06126113  -2.53280356  -2.41836823
  -1.11482933  -2.30581071  -2.0438266   -7.63352124  -9.54575872
  -1.61913909  -2.00955361  -6.1730924   -2.44046818  -7.21949422
  -1.77219581  -1.43278938  -1.23642381  -0.42448616  -3.84703756
  -0.83221083  -5.54032023  -7.92525938  -5.16723296  -3.86884897
  -1.81516257  -3.37728726  -2.57495182  -0.95559223  -5.81187372
  -4.91479083  -7.96192598  -1.06163703  -1.20008892  -7.74615586
  -5.39401935  -2.60616742  -2.90653767 -12.50372972  -1.3330455
  -4.89989034  -1.49955155  -2.85206578  -0.91427381  -4.01698119
  -3.54257576  -4.54932377  -0.86133166  -2.05471366  -1.26315244
  -2.27439268  -3.93040545  -0.40689119  -0.85118686  -2.0582896
  -4.65629827  -0.53169634  -1.03820833  -1.62552349  -0.97545499
  -5.5275752   -1.71454928  -3.82390137  -2.90928818  -2.31697949
  -2.420201    -3.51770542  -6.08352743  -4.64202297  -2.715324
  -3.36387406  -2.41857318  -0.90432825  -2.79986779  -1.7160184
  -0.38508744  -7.36388139  -4.84129343  -1.71767188  -3.85995909
  -2.58621273  -6.17655856  -1.28871946  -0.26381082  -3.91851924
  -3.92714929  -1.99005794  -0.75542003  -4.30861386  -1.8266779
  -3.00330416  -1.13857369  -1.15554548  -3.81708571  -0.62398916
  -1.08630865  -0.4298876   -2.25301798  -3.18366736  -1.40920415
  -3.90485774  -2.43767314  -2.17385068  -2.36783667  -0.97272837
  -1.05111147  -4.53202647  -0.58716349  -3.92373108  -0.48476799
  -1.57084149  -2.58085056  -1.12123903  -5.74263408  -0.28935972
  -2.2816411   -0.6196192   -3.41259692  -1.12105751  -2.5798471
  -1.96666935  -1.01774732  -1.63014443  -2.08124178  -1.23557277
  -1.22074633  -0.49989257  -2.25595994  -1.36453896  -5.2719228
  -1.57188927  -0.31719879  -1.67547979  -0.63365182  -1.1832396
  -3.55090509  -0.41021298  -2.74070261  -1.3694861   -0.52229629
  -0.51568091  -1.82686676  -0.95231461  -2.51641327  -2.61839258
  -2.97816126  -2.05511244  -0.82390373  -0.77626193  -2.8129387
  -3.58064054  -1.55480864  -2.32701346  -2.5374367   -0.91726673
  -1.98950842  -1.48872415  -0.25941521  -1.02993955  -0.87672462
  -0.3439925   -0.75479123  -0.31356096  -1.33105072  -2.17004247
  -1.32439337  -0.26407434  -0.4162514   -0.93058761  -0.2349705
  -0.58435422  -0.5770212   -1.32880919  -2.25379127  -1.1798696 ]
