[9.87666667 6.83814815 5.77444444 7.54833333 7.99740741 6.11055556
 6.94944444 5.94351852 7.87759259 6.68425926 7.46648148 6.30518519
 5.80148148 5.71425926 6.9262963  7.17277778 7.98277778 5.42759259
 4.84333333 5.76259259 6.02111111 4.96444444 6.04037037 6.53425926
 7.00537037 6.75592593 4.89518519 5.20740741 6.22574074 4.5862963
 4.66092593 5.72296296 4.84222222 4.97481481 6.61277778 7.07166667
 4.87       5.47888889 4.83777778 4.97907407 4.76481481 4.2762963
 5.69388889 4.97592593 4.9212963  4.10722222 6.37314815 5.33722222
 6.18925926 4.80055556 4.83703704 4.85740741 4.24944444 5.42333333
 4.61611111 4.60537037 5.8537037  4.12888889 4.15       4.06111111
 4.26648148 4.61518519 3.90407407 4.4287037  5.06685185 4.34685185
 4.01018519 3.90907407 4.92611111 4.99462963 4.03444444 4.26018519
 4.34425926 4.12351852 3.54592593 3.30018519 3.98777778 3.65833333
 3.49148148 4.01537037 4.58018519 3.42833333 4.10796296 3.94907407
 4.03777778 3.95462963 4.02240741 3.98462963 4.33962963 3.34685185
 3.95296296 4.32722222 3.43425926 3.30259259 3.49074074 3.45425926
 3.62259259 3.95092593 3.80277778 3.33037037 3.3812963  3.81777778
 3.08833333 3.55462963 3.53666667 3.33074074 3.33703704 4.57907407
 3.67925926 3.98925926 3.20777778 3.32907407 3.13851852 3.51777778
 3.64685185 3.53388889 3.01574074 3.15185185 3.20444444 3.34611111
 3.08703704 3.22814815 3.09148148 3.11888889 2.94388889 3.52518519
 3.10796296 3.08314815 3.21592593 2.89111111 3.3762963  4.0612963
 3.01018519 2.85833333 3.07814815 2.87648148 3.21981481 2.84074074
 3.27759259 2.84722222 2.92240741 3.32407407 2.8337037  3.105
 2.91555556 2.96314815 2.97759259 3.06148148 3.06833333 2.6787037
 2.97407407 2.96518519 2.73259259 2.69962963 2.71962963 2.81314815
 2.88444444 2.7387037  2.92722222 2.80462963 3.01648148 2.52666667
 2.67       2.68018519 2.60351852 2.51666667 2.67722222 2.64962963
 2.80074074 2.80407407 2.74166667 2.89759259 2.65462963 2.68203704
 2.65981481 2.66925926 2.57814815 2.73037037 2.54074074 2.51425926
 2.75777778 2.71796296 2.41537037 2.42314815 2.46925926 2.48925926
 2.37111111 2.54037037 2.31555556 2.39944444 2.61962963 2.53259259
 2.48851852 2.25259259 2.24907407 2.46333333 2.74666667 2.7512963
 2.34388889 2.19851852]
[ 6.79277778 11.27166667  6.44592593  5.47777778  5.89518519  8.86185185
  8.03333333  6.65703704  7.24907407  6.02648148  6.03518519  6.9787037
  5.50962963  6.01240741  4.83703704  5.91277778 10.23388889  7.25814815
  7.18222222  6.21740741  5.87074074  6.01944444  6.88592593  6.12037037
  6.32092593  5.91        6.34425926  5.79166667  6.04592593  6.76314815
  4.85        6.50648148  6.56296296  5.38407407  4.93814815  7.16574074
  5.035       5.35203704  7.17444444  6.475       5.17685185  5.10703704
  5.79888889  4.7737037   5.41314815  6.67833333  4.93555556  4.67333333
  4.7662963   4.63425926  4.90037037  4.81203704  4.45518519  4.37518519
  5.83518519  4.27685185  5.29796296  4.56759259  4.72203704  4.69351852
  4.93796296  4.80407407  4.16574074  4.18592593  4.17314815  3.875
  4.90722222  4.49148148  4.60796296  4.49833333  4.72277778  3.98148148
  4.19333333  4.30574074  4.06018519  3.75425926  4.00240741  4.38740741
  4.54166667  3.79481481  5.43166667  4.4737037   4.58407407  4.27296296
  3.8237037   4.6537037   4.8362963   4.53944444  3.79166667  4.53981481
  3.58333333  4.26055556  3.54740741  4.05518519  3.86166667  3.83277778
  3.75962963  3.82611111  4.14537037  3.54740741  3.45259259  3.56222222
  3.70111111  3.64518519  3.51259259  3.56425926  3.38648148  3.28388889
  3.76333333  3.23685185  3.82037037  3.72296296  3.73018519  3.32537037
  3.40981481  3.56425926  3.405       3.20166667  3.44962963  3.35648148
  3.18240741  3.09296296  3.21166667  3.23259259  3.09185185  3.3962963
  3.03592593  3.23777778  3.5862963   2.90814815  3.4362963   3.8437037
  3.34796296  3.37425926  3.07074074  2.86        3.285       2.94592593
  2.96666667  3.4887037   2.88037037  3.21055556  2.91092593  3.08944444
  3.11222222  2.8312963   3.34611111  2.82148148  2.8262963   3.02407407
  2.92962963  2.86296296  2.7137037   2.73074074  2.78907407  2.73314815
  2.8512963   2.62759259  2.7437037   2.78574074  3.07425926  2.64648148
  2.78888889  2.8612963   2.88222222  2.47351852  2.99851852  2.61888889
  2.85722222  2.92314815  2.64240741  2.87981481  2.70111111  2.6762963
  2.72277778  2.74814815  2.82481481  2.91203704  2.82388889  2.56814815
  2.67574074  3.01055556  2.77074074  2.51166667  2.48703704  2.49074074
  2.68185185  2.43574074  2.46740741  2.50240741  2.55740741  2.60462963
  2.40666667  2.575       2.46111111  2.6112963   2.60240741  2.58555556
  2.56407407  2.44814815]
[6.69611111 7.66203704 7.34037037 7.33851852 6.70037037 6.23
 8.03444444 8.12574074 6.93037037 5.88462963 5.72925926 7.18407407
 5.59592593 6.50388889 7.12555556 6.01777778 8.35518519 7.40777778
 6.14444444 7.0437037  7.09888889 6.845      5.99962963 5.52777778
 5.68296296 5.32444444 5.43388889 6.67148148 5.95851852 6.17203704
 6.66148148 5.62185185 5.48648148 6.38481481 6.47685185 7.10851852
 5.09407407 5.2537037  4.68777778 5.30537037 5.1262963  4.81611111
 5.22537037 4.94259259 5.71462963 4.88555556 6.44388889 4.66314815
 4.79388889 4.29666667 5.0637037  4.90925926 4.96796296 4.44092593
 4.79537037 4.62888889 4.93203704 4.59444444 5.15277778 4.48111111
 5.0212963  4.18740741 4.01388889 4.03240741 4.8437037  4.73685185
 4.29055556 4.03148148 4.02888889 4.09537037 4.59574074 4.52462963
 4.20833333 3.97203704 4.32537037 4.31944444 4.11759259 3.88351852
 4.41907407 4.00648148 4.62333333 3.70833333 3.89777778 4.50222222
 4.13       4.91333333 4.44833333 4.80166667 3.73574074 3.64777778
 3.91592593 3.86685185 3.75222222 3.76166667 3.75111111 4.01351852
 3.7587037  3.77240741 4.80148148 3.555      4.27851852 4.33907407
 3.75055556 3.80888889 3.36148148 3.2362963  3.48111111 3.975
 3.9137037  3.47944444 3.72425926 3.54814815 3.44796296 3.22407407
 3.46592593 3.40796296 3.54333333 3.51574074 3.43648148 3.40092593
 3.39407407 3.43759259 3.74685185 3.59148148 3.13240741 3.25759259
 2.90648148 3.21537037 3.1762963  3.14481481 3.60425926 3.2262963
 3.28666667 3.10111111 3.11592593 2.79444444 3.19037037 3.09351852
 3.11925926 3.36574074 3.21944444 3.26796296 3.45703704 2.84981481
 3.14611111 3.11796296 2.84074074 2.94722222 3.20074074 2.68611111
 2.90018519 2.96944444 2.99851852 2.88944444 2.97611111 2.72759259
 2.89888889 2.88333333 3.01481481 2.72092593 2.80851852 2.76425926
 2.78981481 2.93537037 2.76925926 2.52203704 3.07685185 2.86925926
 3.06481481 2.61537037 2.86537037 2.93018519 2.70907407 2.81148148
 2.86018519 3.10444444 2.5137037  2.98759259 2.765      2.40166667
 2.67796296 2.76666667 2.60148148 2.65037037 2.57333333 2.675
 2.585      2.57259259 2.51407407 2.43537037 2.89648148 2.75148148
 2.43259259 2.42       2.51555556 2.56851852 2.61092593 2.70796296
 2.47851852 2.49      ]
[ 6.95944444  8.12037037 10.61777778  7.30722222  7.44166667  6.75296296
  7.36981481  5.45444444  6.93481481  7.24777778  7.26351852  6.74925926
  5.81944444  6.47333333  6.13611111  5.74351852  7.37018519  5.08574074
  7.29277778  5.01333333  6.04537037  6.87444444  6.68814815  6.12444444
  5.3712963   5.13444444  7.13907407  5.58981481  6.29833333  5.25611111
  5.57148148  5.58666667  6.08        5.07259259  5.41888889  6.97740741
  6.32833333  5.69925926  4.62037037  5.65222222  6.12907407  4.69648148
  6.0762963   5.68074074  5.15277778  5.69425926  5.07833333  4.26666667
  5.59407407  5.06444444  5.30925926  6.09592593  5.75222222  4.8087037
  5.59259259  4.6337037   5.05759259  5.02740741  4.79462963  5.27907407
  5.20851852  5.6137037   4.80074074  5.35962963  4.11481481  4.92111111
  4.60148148  4.18055556  4.13944444  4.0862963   4.45388889  4.16425926
  3.80611111  4.43833333  3.77907407  4.15259259  4.03333333  3.86981481
  3.85092593  4.83074074  4.46407407  4.76462963  3.87333333  3.76074074
  4.29666667  4.25111111  4.39481481  3.79796296  3.74074074  4.19703704
  3.65666667  4.1612963   4.34388889  3.93555556  4.44111111  3.49018519
  3.77814815  4.00296296  4.09833333  3.50037037  4.09092593  3.78944444
  3.725       3.53018519  4.17259259  3.51888889  3.46814815  3.69018519
  3.7837037   3.79518519  3.12481481  3.43037037  3.31        3.60166667
  3.83648148  3.49074074  3.57981481  3.4662963   3.11703704  3.36203704
  3.25944444  3.11722222  3.31388889  3.1762963   2.94685185  3.10685185
  3.1337037   3.44518519  3.54907407  3.13203704  3.1737037   3.50203704
  3.47462963  3.25037037  2.8862963   3.42148148  3.46666667  3.02037037
  3.32092593  2.7962963   3.34592593  3.3937037   3.27148148  3.3937037
  3.00425926  2.8537037   3.07148148  2.90648148  3.26777778  2.62592593
  2.74962963  2.68018519  2.97907407  2.76481481  2.82944444  2.83462963
  2.7462963   2.82796296  2.82074074  2.90796296  3.02907407  2.6
  2.76759259  2.88703704  2.65259259  2.7362963   2.87037037  2.70148148
  2.72185185  2.7162963   2.55777778  2.66703704  2.59833333  2.8787037
  2.51185185  2.91037037  3.03481481  3.14648148  3.11685185  2.79351852
  3.1312963   2.78333333  2.77888889  2.71592593  2.73944444  2.51296296
  2.61314815  2.69296296  2.64333333  2.48018519  2.66851852  2.58166667
  2.80592593  2.31203704  2.65314815  2.49666667  2.53259259  2.62814815
  2.60037037  2.46759259]
[ 6.3487037   8.04018519  6.88203704 10.12592593  7.08314815  6.76685185
  6.46240741  6.42944444  7.05925926  9.4137037   6.27925926  7.09037037
  5.48537037  7.31055556  6.20055556  5.68648148  5.70074074  7.23888889
  7.12166667  5.365       6.10944444  6.63203704  9.42351852  5.66055556
  5.89185185  5.00981481  5.91425926  4.97518519  4.92407407  5.29925926
  5.32148148  4.5787037   5.01388889  4.7687037   6.08388889  5.38703704
  6.56277778  5.64833333  6.19518519  7.0137037   5.30703704  5.20314815
  4.25574074  5.14574074  4.32148148  5.28555556  4.71648148  5.2112963
  4.575       4.88740741  5.29962963  4.58148148  4.9612963   4.135
  5.39444444  4.59185185  3.94018519  4.87814815  4.75962963  4.32425926
  5.16833333  4.67722222  4.92703704  4.34740741  3.85037037  5.17722222
  4.37222222  4.82703704  4.69388889  5.045       5.09240741  4.21796296
  3.7062963   4.49796296  4.77537037  3.98185185  3.79777778  4.50055556
  4.04722222  3.72574074  4.88907407  3.94277778  3.78462963  4.3237037
  3.83518519  3.87481481  3.84740741  3.89444444  3.56648148  4.39203704
  3.95648148  3.63648148  4.05314815  3.75148148  3.61407407  3.81351852
  3.62574074  4.21333333  4.47907407  3.59388889  3.58277778  3.8837037
  3.24425926  3.53666667  3.86981481  4.06462963  3.25092593  3.64148148
  3.72203704  4.025       3.07740741  3.40166667  3.37962963  3.59851852
  3.7187037   3.17333333  3.42259259  3.67703704  3.12444444  3.28907407
  3.31759259  3.28240741  3.42462963  3.51759259  3.38481481  3.55388889
  3.44296296  3.33777778  3.38888889  3.33740741  3.28222222  3.42444444
  3.19981481  2.81444444  3.10092593  3.31722222  3.43537037  2.88833333
  3.18555556  3.30907407  3.41074074  3.45333333  3.0437037   2.76722222
  3.20981481  3.05574074  2.89722222  3.13425926  2.95833333  2.695
  2.96592593  2.87444444  2.89166667  3.13740741  2.86666667  2.86611111
  2.9737037   2.82240741  2.7237037   2.93925926  2.75740741  2.87777778
  2.89333333  2.84314815  2.81722222  2.52537037  2.63388889  2.92092593
  2.71388889  2.83611111  2.86685185  2.79888889  2.46537037  2.8312963
  2.62666667  2.80814815  2.82907407  2.9012963   2.85555556  2.705
  2.965       2.98537037  2.73092593  2.59148148  2.39666667  2.56
  2.62037037  2.65222222  2.63481481  2.79833333  2.72537037  2.6887037
  2.5737037   2.47462963  2.6087037   2.47037037  2.66685185  2.58703704
  2.54074074  2.35351852]
[7.35703704 7.01888889 9.92574074 8.56611111 6.99185185 7.03388889
 8.50518519 5.14759259 9.99851852 6.10351852 7.16851852 6.16777778
 5.99240741 7.33907407 6.15851852 8.42351852 6.10092593 6.32296296
 5.43759259 6.74777778 5.93277778 5.60666667 7.85814815 8.69462963
 6.71351852 5.70444444 5.09203704 5.83444444 6.3362963  4.9137037
 5.8887037  5.49981481 5.91018519 6.3        6.35981481 7.035
 4.96962963 7.30574074 6.27981481 6.43018519 4.96222222 5.15444444
 6.3237037  4.70944444 5.04648148 5.33481481 5.50222222 4.82833333
 4.23111111 5.51574074 4.4587037  4.60018519 4.63037037 4.49851852
 8.00851852 5.84444444 5.39111111 4.71611111 4.57444444 4.15888889
 6.96666667 4.74777778 4.5037037  4.2387037  4.02518519 4.9512963
 4.80574074 4.26518519 5.55703704 4.12759259 5.43814815 3.83611111
 4.99814815 4.51185185 4.56592593 3.70407407 3.90222222 3.94166667
 3.88759259 3.99074074 4.55759259 3.71722222 4.65314815 3.71888889
 4.46703704 4.63777778 4.55796296 3.77703704 4.20944444 3.32296296
 3.95185185 3.62796296 3.77851852 4.58388889 4.03444444 3.69092593
 3.46203704 3.57407407 4.79888889 3.5462963  4.16351852 4.06148148
 3.33888889 3.77148148 3.88277778 3.94166667 4.05425926 3.62314815
 3.13888889 3.83222222 3.515      3.16222222 3.35851852 3.50166667
 3.58666667 3.21462963 3.60851852 3.17814815 2.97185185 3.30925926
 3.66759259 3.05722222 3.22833333 3.03388889 3.38407407 3.11759259
 2.97240741 2.95388889 3.28444444 3.30944444 3.35037037 3.55
 3.17333333 3.62814815 3.30222222 2.86074074 3.00722222 3.12240741
 2.83333333 3.46925926 3.42851852 3.31685185 3.0687037  3.03518519
 3.29481481 2.98574074 3.03851852 2.74814815 3.12888889 3.02740741
 3.12277778 2.96388889 3.28037037 2.84314815 3.005      2.8237037
 3.14388889 3.02740741 2.80055556 3.09074074 3.01685185 3.01351852
 2.73203704 2.73574074 2.70148148 2.79388889 3.08481481 2.8337037
 3.07462963 2.79851852 2.82185185 2.93925926 2.71407407 3.08222222
 2.92       2.95351852 2.60962963 3.07425926 2.98907407 2.5937037
 2.90777778 2.78       2.75277778 2.60888889 2.56592593 2.66462963
 2.75833333 2.82203704 2.85314815 2.57981481 2.80907407 2.93296296
 2.81277778 2.41055556 2.64222222 2.85296296 2.55611111 2.87555556
 2.64888889 2.43981481]
[11.77685185  6.43481481  7.82185185 10.07611111  7.08148148  7.63018519
  9.24259259  5.90074074  6.94796296  7.41907407  5.38685185  7.41296296
  6.60240741  6.58148148  6.28962963  8.53537037  8.64888889  6.29685185
  5.21537037  4.90462963  7.08277778  5.77537037  7.39944444  7.11703704
  6.03111111  5.30574074  7.46796296  6.56166667  5.15018519  5.57574074
  4.67944444  5.48666667  5.15185185  5.81944444  4.68759259  5.16185185
  7.3462963   5.07722222  5.04185185  6.87055556  5.04351852  4.74481481
  4.55592593  5.27537037  4.83351852  5.07537037  4.77537037  4.94
  6.04111111  4.70925926  4.77037037  4.60351852  6.06740741  5.36685185
  5.29444444  4.5362963   5.46444444  4.55962963  5.0687037   4.61092593
  5.56611111  4.27407407  4.37611111  5.11407407  4.32722222  4.58166667
  4.69388889  4.17425926  4.42203704  4.15166667  4.59444444  4.42333333
  4.02925926  4.08574074  3.99925926  4.27166667  3.99074074  4.83962963
  4.16444444  3.97018519  4.3837037   4.32351852  3.68611111  4.57759259
  4.00185185  4.4962963   4.3187037   3.77833333  3.75796296  3.60277778
  3.84944444  3.85703704  4.51888889  3.93277778  3.4087037   3.95481481
  3.53314815  3.89296296  4.25777778  3.9812963   3.70314815  3.89833333
  3.64462963  3.97333333  3.93648148  3.65648148  3.94685185  3.66851852
  3.74814815  3.79185185  3.58388889  3.39351852  3.78703704  3.41425926
  3.83407407  3.71166667  3.46296296  3.37722222  3.45074074  3.88685185
  3.38074074  3.43037037  3.67703704  3.15611111  3.37462963  3.12518519
  3.11351852  3.50574074  3.48611111  3.44537037  3.24018519  3.14796296
  3.43722222  3.23388889  3.01111111  3.22185185  3.22722222  3.2087037
  2.93796296  3.29907407  3.38796296  3.29740741  3.31611111  2.96592593
  3.29888889  3.08111111  2.89018519  3.10092593  2.79407407  3.11351852
  3.05518519  3.39259259  3.13388889  2.92574074  3.02759259  3.09851852
  3.17796296  2.95888889  2.85611111  2.90351852  3.29666667  3.02314815
  3.07740741  2.86796296  2.6987037   3.00666667  3.17481481  3.27203704
  3.05444444  3.0237037   2.76388889  2.89518519  2.68518519  3.31759259
  2.80203704  2.91092593  2.75722222  3.14092593  2.89481481  2.79944444
  2.98888889  3.09685185  2.85259259  2.84944444  2.7362963   2.77592593
  2.88777778  2.49018519  2.92574074  2.54703704  2.72981481  2.80814815
  2.63351852  2.60462963  2.51166667  2.8237037   2.795       2.76703704
  2.57092593  2.65444444]
[ 6.96666667  6.98185185  6.64481481 11.53333333  8.71851852  6.24037037
  8.19814815  7.49481481  7.31759259  6.91777778  5.12685185  7.41907407
  6.59740741  6.3287037   6.01018519  6.82833333  6.67555556  6.13407407
  5.3487037   8.42648148  6.30444444  6.36425926  8.21018519  5.69888889
  7.23092593  5.64018519  5.42944444  7.01685185  6.36777778  5.27555556
  4.69222222  6.29148148  6.81388889  5.18814815  4.87759259  5.21611111
  5.56833333  5.17018519  5.62        4.5012963   5.66092593  5.48296296
  5.16037037  5.00648148  4.52074074  5.1687037   5.09037037  4.83018519
  5.29185185  5.03814815  4.54962963  4.94462963  4.67407407  4.56685185
  5.37203704  4.6787037   4.80925926  4.70666667  4.72962963  5.72185185
  4.70833333  5.76222222  4.6137037   3.83833333  4.21277778  4.67962963
  4.75185185  4.46074074  4.38388889  4.13333333  4.45092593  4.62055556
  4.73444444  4.42166667  4.37981481  4.79685185  4.15907407  4.23111111
  4.50481481  4.10518519  4.79        4.03925926  5.19351852  3.99981481
  3.36518519  4.77851852  4.22555556  4.06037037  3.76814815  3.67462963
  4.06055556  4.09796296  3.71444444  4.49444444  3.92907407  3.80722222
  3.99111111  3.61518519  4.52888889  3.61222222  3.37851852  4.25907407
  3.62648148  3.90074074  3.86574074  3.475       4.02444444  3.93944444
  3.89796296  4.37037037  4.14666667  3.84962963  3.39611111  3.50907407
  3.98814815  3.61666667  3.57296296  3.00018519  3.58592593  3.46574074
  3.47481481  3.13314815  3.50518519  3.43666667  3.30185185  3.6462963
  3.56259259  3.49240741  3.79796296  3.30462963  3.27814815  3.68888889
  3.53611111  3.31555556  3.63666667  3.28574074  3.3037037   3.28685185
  3.36685185  3.20796296  3.42166667  3.6337037   3.06851852  3.61740741
  3.26037037  3.135       3.38203704  3.095       3.10833333  2.92685185
  2.92592593  3.04407407  3.52537037  3.09666667  2.92796296  2.71944444
  2.92037037  2.95796296  2.72518519  3.09185185  3.22333333  2.995
  3.17259259  2.7262963   2.84314815  2.93574074  2.66666667  2.65462963
  2.76425926  2.84703704  2.79611111  2.86240741  3.02166667  2.82092593
  3.04481481  2.93462963  3.1537037   2.85074074  2.95148148  2.75296296
  3.05388889  2.93425926  2.96185185  3.12648148  2.76111111  2.61555556
  2.5337037   2.63555556  2.97222222  2.73759259  3.1962963   2.63185185
  2.90462963  2.585       2.56407407  3.00777778  2.62611111  3.04777778
  2.8687037   2.51685185]
[5.63833333 7.10907407 6.38240741 8.8462963  7.47722222 7.36555556
 9.00351852 6.51703704 7.41833333 6.14888889 6.19092593 5.24259259
 6.335      6.19222222 6.19018519 6.44314815 6.67759259 6.30851852
 5.87925926 9.47240741 5.79703704 6.17703704 6.23944444 7.59851852
 5.56185185 6.50018519 4.51111111 5.14111111 6.13851852 6.16740741
 5.64462963 5.26259259 5.48759259 7.15407407 7.51259259 5.57740741
 5.06259259 4.99555556 6.29       6.75074074 4.91666667 5.10203704
 5.97740741 5.43333333 5.26240741 5.45444444 5.57037037 5.02481481
 5.29222222 4.58981481 5.085      4.26148148 6.23018519 4.62462963
 6.45648148 5.21833333 6.02666667 4.81462963 5.92592593 5.43277778
 5.46666667 4.51037037 4.56018519 3.98981481 3.9487037  4.73796296
 4.56740741 4.38481481 4.24296296 4.96537037 4.39462963 4.07425926
 4.42351852 3.92259259 4.10981481 3.89666667 4.33333333 4.3812963
 4.31259259 4.4012963  5.0437037  3.66462963 4.04462963 3.92796296
 3.65777778 4.12055556 4.02092593 4.32259259 3.99018519 3.94574074
 4.44277778 4.60333333 3.92185185 4.25259259 3.92814815 4.04648148
 3.73944444 4.55037037 5.05759259 3.79314815 3.65574074 4.73777778
 3.8337037  3.75055556 3.61444444 3.91814815 3.62055556 4.11925926
 3.56555556 3.92074074 3.30425926 3.66037037 3.97537037 3.76092593
 4.37611111 3.63722222 3.04592593 3.68759259 3.40648148 3.6687037
 3.19203704 3.43703704 3.805      3.23648148 3.28074074 3.76759259
 3.56981481 3.12074074 3.49296296 3.2987037  3.40240741 3.48407407
 3.3612963  3.36388889 3.22944444 3.59018519 3.39555556 3.23425926
 3.25111111 2.90666667 3.66444444 3.55611111 3.33537037 3.11166667
 3.655      3.13481481 3.11055556 2.94574074 3.30481481 2.68833333
 3.23592593 3.04277778 3.21796296 3.29722222 2.78574074 3.22851852
 3.12037037 3.04425926 3.15796296 3.07388889 3.47574074 3.17185185
 3.18314815 2.89518519 3.00407407 3.0537037  3.00648148 3.13796296
 2.88222222 3.22925926 2.82759259 2.88       2.70925926 2.98703704
 2.88444444 2.86574074 2.80759259 2.97259259 3.13407407 3.18907407
 3.12203704 3.05481481 2.84759259 2.88166667 2.70148148 2.69185185
 2.72574074 2.94148148 2.93796296 2.77722222 2.98685185 2.70074074
 2.60592593 2.40351852 2.62944444 2.72537037 2.69185185 2.73166667
 2.63518519 2.73944444]
[10.03851852  9.40888889  8.15111111  7.40925926  7.17907407  8.48425926
  7.49740741  6.8312963   5.74685185  7.18592593  6.21685185  6.37592593
  7.18740741  6.39759259  6.11166667  7.01777778  8.31722222  4.75407407
  7.24518519  6.94925926  6.80444444  6.64314815  9.72037037  6.45092593
  5.0287037   7.51333333  7.165       5.59981481  6.64537037  5.60277778
  5.53166667  5.48074074  5.85240741  6.43222222  5.86722222  7.34444444
  5.53814815  6.62444444  4.76185185  7.75111111  5.33703704  6.03944444
  4.85888889  4.94777778  5.44111111  5.24814815  5.43166667  5.50925926
  5.90037037  5.59351852  5.0912963   6.05907407  4.94148148  4.67018519
  5.07240741  4.77777778  6.22925926  4.80907407  4.57981481  5.22407407
  5.83        5.19981481  4.67555556  4.33833333  4.18796296  4.94925926
  4.59925926  4.33203704  4.49203704  4.38555556  4.17555556  4.23314815
  4.85611111  4.63055556  4.11185185  3.81333333  4.49555556  4.76444444
  4.37277778  4.55092593  4.07555556  4.65314815  4.56462963  3.70240741
  4.3887037   5.02074074  4.4637037   3.69296296  4.24388889  3.96925926
  4.44018519  4.15407407  3.89222222  3.90851852  3.84814815  4.16111111
  4.18333333  4.44648148  5.06851852  4.43407407  3.57833333  4.45
  3.86814815  3.93296296  3.71537037  3.90666667  3.89777778  3.78851852
  3.68259259  3.80388889  3.8337037   4.14111111  3.35851852  3.45055556
  3.87944444  3.8462963   3.52351852  3.73425926  3.21259259  3.61055556
  3.36462963  4.02055556  3.79685185  3.51518519  3.30351852  3.16333333
  3.22740741  3.1412963   3.63740741  3.19685185  3.48074074  3.60277778
  3.33333333  3.49796296  3.08074074  3.56888889  3.66148148  3.49740741
  3.39185185  3.42833333  3.4062963   3.46944444  3.5512963   3.07740741
  3.36722222  3.27703704  2.745       3.26703704  3.33037037  3.10814815
  3.24074074  3.11796296  3.19814815  3.17092593  2.9612963   3.27962963
  2.82037037  3.3037037   2.82314815  2.95388889  2.97740741  3.07518519
  3.22055556  2.84574074  2.73925926  3.02518519  2.81481481  3.18925926
  3.22222222  3.00407407  3.11611111  3.02907407  2.74574074  2.88
  2.90296296  2.83555556  2.69425926  3.18240741  2.97611111  2.775
  3.24592593  3.3212963   2.85592593  3.15111111  2.75074074  2.93259259
  2.62388889  2.70777778  2.78018519  2.76814815  2.93388889  3.0287037
  2.84462963  2.68759259  2.71166667  2.72962963  2.58277778  2.8412963
  2.83333333  2.74925926]
